Crosswalk2013_CBSA Code,Crosswalk2013_CBSA Title,Crosswalk2013_State Name,AVLN_EALPE,CFLD_EALPE,CWAV_EALPE,ERQK_EALPE,HAIL_EALPE,HWAV_EALPE,HRCN_EALPE,ISTM_EALPE,LNDS_EALPE,LTNG_EALPE,RFLD_EALPE,SWND_EALPE,TRND_EALPE,TSUN_EALPE,VLCN_EALPE,WFIR_EALPE,WNTW_EALPE,AVLN_EALB,CFLD_EALB,CWAV_EALB,ERQK_EALB,HAIL_EALB,HWAV_EALB,HRCN_EALB,ISTM_EALB,LNDS_EALB,LTNG_EALB,RFLD_EALB,SWND_EALB,TRND_EALB,TSUN_EALB,VLCN_EALB,WFIR_EALB,WNTW_EALB,AVLN_EXPPE,CFLD_EXPPE,CWAV_EXPPE,ERQK_EXPPE,HAIL_EXPPE,HWAV_EXPPE,HRCN_EXPPE,ISTM_EXPPE,LNDS_EXPPE,LTNG_EXPPE,RFLD_EXPPE,SWND_EXPPE,TRND_EXPPE,TSUN_EXPPE,VLCN_EXPPE,WFIR_EXPPE,WNTW_EXPPE,BUILDVALUE,POPULATION,Migration16to20_A_Inflow_Estimate,Migration16to20_A_Outflow_Estimate,Migration16to20_A_NetMigration_Estimate,Migration16to20_A_GrossMigration_Estimate,Migration16to20_A_Inflow_MOE,Migration16to20_A_Outflow_MOE,Migration16to20_A_NetMigration_MOE,Migration16to20_A_GrossMigration_MOE,HousingPI22_Metro Name,HousingPI22_GEOID.1,HousingPI22_1980,HousingPI22_1981,HousingPI22_1982,HousingPI22_1983,HousingPI22_1984,HousingPI22_1985,HousingPI22_1986,HousingPI22_1987,HousingPI22_1988,HousingPI22_1989,HousingPI22_1990,HousingPI22_1991,HousingPI22_1992,HousingPI22_1993,HousingPI22_1994,HousingPI22_1995,HousingPI22_1996,HousingPI22_1997,HousingPI22_1998,HousingPI22_1999,HousingPI22_2000,HousingPI22_2001,HousingPI22_2002,HousingPI22_2003,HousingPI22_2004,HousingPI22_2005,HousingPI22_2006,HousingPI22_2007,HousingPI22_2008,HousingPI22_2009,HousingPI22_2010,HousingPI22_2011,HousingPI22_2012,HousingPI22_2013,HousingPI22_2014,HousingPI22_2015,HousingPI22_2016,HousingPI22_2017,HousingPI22_2018,HousingPI22_2019,HousingPI22_2020,HousingPI22_2021,HousingPI22_2022
10180,"Abilene, TX",Texas,0.0,0.0,485441.0292653315,19906.666438610115,483001.07148193166,1375110.4192920849,2751.9638607027805,118521.39309120992,40474.25590438762,246081.19388163387,799068.3110358447,333215.29484590166,2730724.5486511206,0.0,0.0,60137.65934502537,957269.6715042226,0.0,0.0,5501.592998838151,67120.4,8539877.171907127,702.602737372421,188083.44162667703,63924.929033257074,10175.72038740282,30008.06811461826,3730847.3876244416,1285781.7365737092,1894376.574575805,0.0,0.0,5298566.0549649,29422.018863275563,0.0,0.0,2046680800000.0,2048316400000.0,2046680800000.0,2046680800000.0,2046680800000.0,2046411449150.2207,24676263430.46356,2046680800000.0,315200650271.37946,2046680800000.0,2046680800000.0,0.0,0.0,309913109617.88586,2046680800000.0,31702035918.0,176438.0,14074.0,12714.0,1360.0,26788.0,1184.8316336087587,1675.5778107864762,2061.050217728816,2043.9329734607247,"Abilene, TX",10180.0,3.2,3.0,3.1,3.0,2.8,2.7,2.7,2.4,2.2,2.1,2.0,2.1,2.2,2.2,2.2,2.1,2.1,2.1,2.1,2.1,2.1,2.2,2.3,2.3,2.4,2.4,2.5,2.5,2.5,2.6,2.7,2.9,2.9,2.9,3.0,3.3,3.2,3.3,3.3,3.4,3.6,4.0,4.5
10380,"Aguadilla-Isabela, PR",Puerto Rico,0.0,1170.8389644259412,0.0,30990215.18483733,4513.418860256025,0.0,6109795.0654815845,0.0,189921.1513372004,0.0,1553225.8080238996,152.60262957827211,66149.96213965234,332.3270943656878,0.0,0.0,0.0,0.0,629908.0136038355,0.0,38323498.9,441.7986007939302,0.0,169424348.0186653,0.0,49701.066999625415,0.0,34674377.00665168,22.68263327340688,57350.39759215445,1008.5500967142036,0.0,0.0,0.0,0.0,32814341322.96312,0.0,3597856000000.0,3594213600000.0,0.0,3593977483939.675,0.0,1301055203237.1418,0.0,149460385255.24042,3594213600000.0,3594213600000.0,152301015115.0389,0.0,0.0,0.0,40101799265.0,309846.0,3447.0,11070.0,-7623.0,14517.0,639.0492938733287,1348.8502511398365,1486.4602248294436,1498.2746744172111,,,,,,,,,,,,,,,,,,,,,,,,,,,,,,,,,,,,,,,,,,,,,
10420,"Akron, OH",Ohio,0.0,0.0,283878.5963317102,167456.81867958343,118503.30189041344,425043.9732941637,9718.142791971344,3145.4358546115127,36571.09220818107,564129.6671023475,1064910.7512469967,388028.22721967055,3602454.637070776,0.0,0.0,12664.623334349804,282251.8890092788,0.0,0.0,36837.232424725546,713877.9,8411590.475358248,5637.09523284057,701444.7723383036,246113.6528486093,265169.68179657194,40461.01768295799,6909351.282120796,1231987.885801872,6071355.3062747065,0.0,0.0,145152.91754269664,1330482.15002282,0.0,0.0,8144510800000.0,8145740400000.0,8144510800000.0,8144510800000.0,8137756592143.344,8141961196689.369,2079609333870.9824,8144510800000.0,70557530597.04718,8144510800000.0,8144510800000.0,0.0,0.0,2094121034043.996,8144510800000.0,141164737358.0,702113.0,29065.0,29891.0,-826.0,58956.0,1763.1520070600832,1855.3956451387933,2517.3261608301773,2601.7822737500537,"Akron, OH",10420.0,2.2,2.2,2.1,2.1,2.0,1.9,1.9,2.0,2.0,2.2,2.2,2.3,2.5,2.5,2.4,2.5,2.6,2.6,2.6,2.4,2.5,2.6,2.7,2.7,2.6,2.7,2.5,2.5,2.1,1.8,2.3,1.9,2.2,2.3,2.3,2.2,2.3,2.4,2.5,2.6,2.7,2.8,3.1
10500,"Albany, GA",Georgia,0.0,0.0,0.0,162021.15131296602,90215.62873343244,412367.61479119805,228983.9965548637,10543.279897408964,77296.05319998437,1202499.5527337694,1297425.9467232334,273118.26109980454,4345889.700702095,0.0,0.0,5799.929984082727,54906.04463736441,0.0,0.0,0.0,605630.1,66735.68844583764,2912.032731104354,9843995.733491344,4700.754412596289,18188.26135550408,43342.58324163476,1944160.5860110072,743641.5886398663,2913510.39398775,0.0,0.0,45882.97313206853,15347.337407960043,0.0,0.0,0.0,1760856800000.0,1754384000000.0,1754384000000.0,1754384000000.0,1749680538288.775,137246107380.8774,1754384000000.0,143478637090.85934,1754384000000.0,1754384000000.0,0.0,0.0,512718608583.9428,1754384000000.0,28823008695.0,151240.0,7484.0,8209.0,-725.0,15693.0,921.422812828074,1112.3007686772494,1464.9276432643355,1423.9353917927597,"Albany, GA",10500.0,3.2,3.3,3.2,3.1,3.0,3.0,2.9,2.9,2.8,2.7,2.6,2.6,2.6,2.6,2.5,2.4,2.5,2.5,2.5,2.5,2.6,2.7,2.8,2.9,2.8,2.9,3.0,3.2,3.2,3.2,3.2,3.0,2.9,2.9,2.9,3.0,3.0,3.1,3.1,3.1,3.2,3.4,4.1
10540,"Albany, OR",Oregon,36919.52184,0.0,1485.855904878919,13423931.732751086,28589.341967519023,20239.22778472325,0.0,400460.0373843284,295959.9129793178,22683.62789581571,294093.0616967577,15775.762078966083,50715.94768045384,0.0,4939.896438944337,399.0329732943273,139953.91135038694,47.483807,0.0,2.497487026403309,26225283.6,644.4270561055729,26732.02548939612,0.0,30009.406376409475,1684040.0788119207,6694.686282266019,1126202.680078593,16967.57731714406,80726.80456452137,0.0,1.94119010451964,33067.877212519365,327.18672428732634,58000000.0,0.0,1693600000.0,1491876000000.0,1491481600000.0,1491481600000.0,0.0,1491475741013.1553,325467356670.7579,1491481600000.0,60670305244.18096,1491481600000.0,1491481600000.0,0.0,48030448470.085815,100230800589.92856,1491481600000.0,25310768522.0,128576.0,7909.0,8064.0,-155.0,15973.0,982.0651709535372,1050.0371422002177,1462.427092199813,1412.9621367892346,"Albany, OR",10540.0,2.8,2.6,2.6,2.5,2.3,2.2,2.1,1.9,1.9,1.9,2.0,2.2,2.3,2.6,2.8,3.0,3.0,3.1,3.2,3.2,3.3,3.5,3.5,3.5,3.6,3.9,4.3,4.5,4.3,4.2,4.0,4.0,3.8,3.9,4.0,4.1,4.2,4.4,4.6,4.6,4.7,5.4,6.2
10580,"Albany-Schenectady-Troy, NY",New York,0.0,26746.64921837664,1224679.154959455,426262.2846544438,515003.0721640322,423730.1123957564,248295.7800738408,415670.934498311,147879.95106989233,2188791.85428566,2845147.647933456,1077499.7915060252,11601467.53266647,0.0,0.0,873.0735251460464,64418.85885932348,0.0,131766.48404502537,6909.189769924895,2113853.2,58793.92668359011,1.216596799420907,10745431.351637349,2543519.479044323,522405.86528663134,117807.91199737006,7688334.888179726,692013.2939152913,4121254.62465936,0.0,0.0,168374.8382023214,103514.41612718624,0.0,14015979742.68616,10426764400000.0,10431439200000.0,10426764400000.0,10426764400000.0,10425632648930.406,10426058409287.088,3739528172764.981,10426764400000.0,217198387787.68015,10426764400000.0,10426764400000.0,0.0,0.0,2302181662427.808,10426764400000.0,169771794546.0,898859.0,37519.0,35770.0,1749.0,73289.0,2076.450577307344,2028.3409476712736,2902.1450687379497,2902.1206039722056,"Albany-Schenectady-Troy, NY",10580.0,2.3,2.3,2.3,2.3,2.4,2.5,2.8,3.1,3.2,3.2,3.1,3.1,3.1,3.1,3.1,2.9,2.8,2.7,2.6,2.4,2.4,2.6,2.7,3.0,3.3,3.6,3.7,3.6,3.5,3.3,3.4,3.3,3.4,3.3,3.3,3.2,3.1,3.0,2.9,3.0,3.1,3.3,3.4
10740,"Albuquerque, NM",New Mexico,0.0,0.0,112315.9400168464,9955888.731908737,133893.13120859102,0.0,0.0,20347.170249653784,82295.83574289775,1825047.912825184,10992794.851365164,258283.25048665144,842327.1775333731,0.0,0.0,4069.0033744899274,83697.74852836532,0.0,0.0,67.99621170359445,25121903.7,1189266.588291738,0.0,0.0,21002.44393903923,125352.47238057236,22934.205230205927,2343843.5812029946,79559.71561195985,929170.2510871596,0.0,0.0,3745743.6418123264,22878.846143869792,0.0,0.0,613518999001.8896,10631724800000.0,10615856000000.0,0.0,0.0,10615856000000.0,625397958844.7123,10615856000000.0,598693739196.2576,10615856000000.0,10615856000000.0,0.0,0.0,800635572225.6946,10615855994705.76,153791290418.0,915160.0,32109.0,36067.0,-3958.0,68176.0,2198.8647070704465,2203.052654840551,3126.0190338512016,3099.0701831355805,"Albuquerque, NM",10740.0,3.5,3.5,3.4,3.4,3.4,3.3,3.3,3.3,3.2,3.1,3.0,3.0,3.1,3.2,3.3,3.4,3.4,3.5,3.4,3.3,3.3,3.4,3.3,3.3,3.4,3.8,4.1,4.3,4.1,3.8,3.9,3.6,3.6,3.7,3.7,3.7,3.8,3.9,3.8,4.0,4.2,4.9,5.4
10780,"Alexandria, LA",Louisiana,0.0,0.0,414121.43360091,125114.4310594955,69396.24069431034,1206245.2451435009,219782.09287421187,169689.1140544641,34799.99999999859,741165.5632189566,359263.36074188445,671818.9725926646,1144363.8294419409,0.0,0.0,16963.018328610528,35640.71421048098,0.0,0.0,10165.359846632198,408775.6,37818.15716022621,504.1456698802814,10702697.10294168,109210.11244670136,8999.999999999993,25268.746016091914,1770423.768287759,213290.69685944295,1810249.0724643315,0.0,0.0,297459.9999668423,4085.374045106937,0.0,0.0,1504102400000.0,1765427200000.0,1760717600000.0,1760717600000.0,1760318053218.0295,1760715117120.223,109515842174.33672,1760717600000.0,217958418992.1985,1760717600000.0,1760717600000.0,0.0,0.0,105103233948.13742,1760717600000.0,26395818315.0,151786.0,6706.0,6345.0,361.0,13051.0,1019.0515197967176,969.817508606645,1428.4754110589374,1385.6904416210714,"Alexandria, LA",10780.0,3.2,3.3,3.4,3.4,3.4,3.3,3.3,3.2,2.9,2.8,2.8,2.7,2.7,2.7,2.7,2.7,2.7,2.6,2.7,2.7,2.7,2.8,2.9,3.0,3.0,3.1,3.2,3.2,3.1,3.1,3.2,3.0,3.1,3.0,3.1,3.3,3.4,3.3,3.1,3.1,3.1,3.5,3.8
10900,"Allentown-Bethlehem-Easton, PA-NJ",Pennsylvania,0.0,0.0,303436.641905305,295651.9113550597,311852.78378649394,4829059.186065818,433972.69349813287,673726.0209326007,83207.26254983233,1897326.9004808683,591918.0598536134,2922317.662408332,5256772.609407155,0.0,0.0,804.6591750100022,2027173.740261684,0.0,0.0,732.5169141849836,1289252.4,166881.6224323105,4.288530185471549,17346020.165486094,127788.60108595896,538874.6403671053,254229.0456007531,13113703.693574268,4595381.2086892165,5078180.749742897,0.0,0.0,69638.03103296041,532491.3554551179,0.0,0.0,750844800000.0,9997912400000.0,9987843600000.0,9987843600000.0,9985043550403.826,9984504412286.498,4159429038454.625,9987843600000.0,171227431279.5923,9987843600000.0,9987843600000.0,0.0,0.0,809524837043.5116,9987843600000.0,171705015379.0,861021.0,36790.0,32125.0,4665.0,68915.0,2271.492240796785,1931.1871996261784,2915.9794237957167,3046.539019937214,"Allentown-Bethlehem-Easton, PA-NJ",10900.0,2.5,2.5,2.4,2.3,2.3,2.4,2.5,2.8,3.2,3.1,3.1,3.0,3.0,2.9,2.8,2.7,2.6,2.6,2.5,2.4,2.5,2.6,3.4,3.8,4.1,4.7,4.7,4.7,4.3,3.9,4.1,3.4,3.4,3.1,3.0,2.9,3.0,2.9,3.0,3.0,3.3,3.7,4.1
11020,"Altoona, PA",Pennsylvania,0.0,0.0,110170.10335737944,14603.888436534373,27308.123875308007,29289.127335388024,36868.42002195656,4042.6910408143913,17399.999999999898,424999.43856769614,822255.7092642968,623726.4172828355,515478.96738268615,0.0,0.0,890.873248347595,84950.00191126621,0.0,0.0,546.3682339462798,54243.3,13437.359078793515,0.029715140099711,2049503.83766894,17600.832806203845,105000.00000000004,5866.610209659552,32457.476665768936,64915.31129447751,819904.8083892467,0.0,0.0,11969.96259797604,47261.49310117272,0.0,0.0,1422918552434.964,1424735200000.0,1422925600000.0,1422918552434.9636,1413589542066.26,1421311565726.1843,653461641132.7944,1422925600000.0,78240606935.29724,1422925600000.0,1422925600000.0,0.0,0.0,144374240471.6414,1422918552434.964,27514419287.0,122666.0,4919.0,4946.0,-27.0,9865.0,688.859927706642,633.0244860982867,923.6476600955584,946.3968512204592,"Altoona, PA",11020.0,1.8,1.8,1.7,1.7,1.6,1.6,1.6,1.7,1.8,1.7,1.7,1.8,1.8,1.9,1.9,2.0,2.0,2.0,2.1,2.1,2.1,2.2,2.3,2.3,2.4,2.4,2.4,2.4,2.5,2.5,2.3,2.3,2.3,2.4,2.4,2.4,2.4,2.5,2.4,2.5,2.5,2.5,2.7
11100,"Amarillo, TX",Texas,0.0,0.0,1855952.2317908187,122633.60221351404,551586.207981126,66167.57391618517,0.0,132395.4890473223,48243.727874368655,1268905.2068959167,2680480.2284046225,4322168.719111484,21177154.9778282,0.0,0.0,867259.0487833429,3938399.327036488,0.0,0.0,19416.42863434124,482568.6,19306476.465908587,42.06061029549436,0.0,23542.10206564054,14910.649521372688,71123.88817407753,733373.7238796754,4620226.302171321,9936425.727191646,0.0,0.0,9085237.09382733,761450.0930431943,0.0,0.0,3115896674300.796,3116815600000.0,3115899200000.0,1653834376520.524,0.0,3115760017738.7915,50657491889.15279,3115899200000.0,41781363175.318695,3115899200000.0,3115899200000.0,0.0,0.0,298892586018.7954,3115896674300.796,44339643350.0,268612.0,11968.0,15075.0,-3107.0,27043.0,1097.6260747631682,1413.3831752217798,1833.7458929742693,1744.2479754897238,"Amarillo, TX",11100.0,2.5,2.6,2.6,2.6,2.6,2.6,2.5,2.5,2.3,2.1,2.1,2.1,2.0,2.1,2.1,2.2,2.3,2.3,2.3,2.3,2.3,2.4,2.5,2.5,2.6,2.7,2.8,2.7,2.8,2.7,2.7,2.7,2.8,2.8,2.8,2.8,2.9,2.9,3.0,2.9,3.1,3.5,3.7
11180,"Ames, IA",Iowa,0.0,0.0,61386.855695939885,15059.720918458232,425190.3852384832,9895.43058132432,27.545885479999825,9693.823815863616,17399.99999999985,193304.6123198977,1185253.0111171568,482683.1127947063,3327241.383251477,0.0,0.0,1547.776634374814,820128.1817559934,0.0,0.0,387.2683052547292,57177.0,637564.4225672742,10499.548463272047,7845.174136504749,26821.63051164787,4500.000000000002,69514.93662842721,972447.4676265024,735366.2543526742,5687115.444377575,0.0,0.0,20286.667965402048,120394.1737594686,0.0,0.0,1142982800000.0,1143029200000.0,1142982800000.0,1142982800000.0,1142982800000.0,1142982800000.0,162164843433.438,1142982800000.0,22048908496.08384,1142982800000.0,1142982800000.0,0.0,0.0,241687953864.1724,1142982800000.0,19817401380.0,98533.0,13302.0,11710.0,1592.0,25012.0,985.1847542466336,1071.465818400195,1499.2374728507823,1409.6063280221183,"Ames, IA",11180.0,3.5,3.2,3.1,3.0,2.9,2.8,2.7,2.6,2.5,2.4,2.4,2.5,2.6,2.6,2.7,2.8,2.8,2.8,2.8,2.8,2.9,3.0,3.1,3.1,3.3,3.3,3.2,3.1,3.0,3.0,3.0,3.0,3.0,2.9,3.1,3.1,3.0,3.0,3.0,3.1,3.0,3.3,3.8
11260,"Anchorage, AK",Alaska,3200886.2896708366,2089.2834018757994,0.0,20806480.126424484,8332.63275054191,0.0,0.0,34265.08132214104,0.0,0.0,106635.31706099903,0.0,82.87418512227462,0.0,54.95968470016733,154193.14918631688,37689.08294322644,4837.557691660301,6596.122236390313,0.000997081356158,81576922.3,12405.479110176237,0.0,0.0,1138.9896234381704,0.0,0.0,885405.20065733,0.0,160.5791411283705,0.0,5751.848937892668,2185518.3662796947,112.87032432022782,116000000.0,3950999435.1012855,0.0,4620604800000.0,4616626000000.0,0.0,0.0,4616626000000.0,0.0,0.0,36142313379.64714,4616626000000.0,4616626000000.0,0.0,938132838.9368348,840846454603.1758,4616626000000.0,93414728170.0,397985.0,20047.0,27239.0,-7192.0,47286.0,1608.9366053390668,1910.8898450721847,2560.951971435622,2433.2412539655825,"Anchorage, AK",11260.0,2.8,3.0,3.4,3.3,3.4,3.2,3.3,2.8,2.9,2.4,2.3,2.4,2.4,2.4,2.5,2.5,2.6,2.6,2.7,2.7,2.8,3.0,3.2,3.4,3.7,4.1,4.3,4.3,4.0,3.6,3.7,3.8,3.8,3.9,3.7,3.7,4.0,4.0,4.0,4.0,4.1,4.4,4.6
11460,"Ann Arbor, MI",Michigan,0.0,0.0,332892.45818859123,97801.8794268358,15950.446962919732,972113.9199252126,1572.1476277467505,8275.07919117921,25094.52037291156,581407.7987698815,465811.4515232492,1136080.4944318864,7700027.364386966,0.0,0.0,7741.099017133555,5101.488947222593,0.0,0.0,2698.32762682322,389295.9,1453.360369390203,12001.885461550908,176983.28274291035,198810.03178871595,126370.88042626069,138721.9477645782,69650.85164615577,6127831.906879899,10845706.974342592,0.0,0.0,101818.27143450432,104522.53685337464,0.0,0.0,4315941518511.824,4318192800000.0,4315942400000.0,4315941518511.824,4310973881575.32,4315921045831.7705,558821403784.8273,4315942400000.0,42176867851.11861,4315942400000.0,4315942400000.0,0.0,0.0,1280939875923.3342,4315941518511.824,79619819577.0,372064.0,34333.0,29052.0,5281.0,63385.0,1726.7724227587144,1688.9037864840022,2460.7551686423417,2369.164620704944,"Ann Arbor, MI",11460.0,3.4,3.5,3.1,2.8,2.6,2.5,2.6,2.7,2.9,3.1,3.2,3.2,3.2,3.2,3.2,3.3,3.4,3.5,3.5,3.6,3.7,3.9,4.2,4.3,4.4,4.5,4.3,3.9,3.6,3.5,3.4,3.3,3.3,3.4,3.7,3.6,3.7,3.7,3.8,3.9,4.0,4.5,5.0
11500,"Anniston-Oxford-Jacksonville, AL",Alabama,0.0,0.0,0.0,201827.60425006595,4997.992585180536,870456.3661139563,15929.494828131648,15705.656824414751,20426.964712124176,189469.76452610016,738777.6624883437,655540.3895922567,9605564.171994591,0.0,0.0,920.5537588610428,24267.488183683206,0.0,0.0,0.0,925206.6,169554.5808614872,3820.928135835847,978211.46404696,2452.0762443454178,131355.4211720811,76142.92946439776,68827.60576697996,149219.43612300896,6648568.290725148,0.0,0.0,8037.86150309091,5417.072215626761,0.0,0.0,0.0,1350715600000.0,1348500000000.0,1348500000000.0,1344773100080.122,1343472124315.4817,695170318252.657,1348500000000.0,63078677702.5538,1348500000000.0,1348500000000.0,0.0,0.0,63763912415.819954,1348500000000.0,22691498699.0,116250.0,5713.0,5913.0,-200.0,11626.0,811.2817019999897,813.6977325764157,1169.1980157355724,1127.9024780538432,"Anniston-Oxford-Jacksonville, AL",11500.0,3.0,2.8,2.7,2.6,2.6,2.5,2.5,2.5,2.5,2.5,2.4,2.4,2.4,2.4,2.4,2.4,2.5,2.5,2.5,2.5,2.5,2.7,2.8,2.9,2.9,3.0,3.1,3.1,3.2,3.2,3.1,2.9,3.0,2.9,2.8,2.8,2.8,2.8,2.8,2.9,2.9,3.4,4.2
11540,"Appleton, WI",Wisconsin,0.0,0.0,1545816.3899748574,11986.633099083449,74410.50368785547,1404473.10644094,135.59253625180833,1979.573472945015,34800.00000000237,340224.1622656386,181821.59236570215,483585.31724523066,5426931.751059919,0.0,0.0,3491.065606162428,248721.9046506392,0.0,0.0,536.7303505807458,60572.0,2668425.826090371,2348.0329380496937,38376.43145811175,54105.36873898743,8999.999999999989,26230.47221978969,69567.57489387167,2283978.0045958995,4667564.005835808,0.0,0.0,51411.34592833572,31887.70135147756,0.0,0.0,2819716400000.0,2820505200000.0,2819716400000.0,2819716400000.0,2819716400000.0,2815809273679.116,286141538774.35504,2819716400000.0,28489461804.45116,2819716400000.0,2819716400000.0,0.0,0.0,188723268091.84296,2819716400000.0,60889261041.0,243079.0,10395.0,14484.0,-4089.0,24879.0,949.5488402394056,1163.4457443301771,1500.0,1503.9404908439694,"Appleton, WI",11540.0,2.4,2.2,2.0,2.1,2.0,1.9,1.9,1.8,1.8,1.8,1.8,1.8,1.8,1.9,1.9,1.9,1.9,1.9,1.9,1.9,2.0,2.0,2.2,2.2,2.3,2.4,2.4,2.4,2.3,2.1,2.1,2.0,2.1,2.4,2.4,2.3,2.4,2.5,2.6,2.7,2.8,3.2,3.5
11640,"Arecibo, PR",Puerto Rico,0.0,622.3958650519955,0.0,15755616.535427423,2656.2435808223063,0.0,3523497.879748353,0.0,69599.9999999982,0.0,350393.66347296705,430.43368202018166,48012.95302903614,523.246104952608,0.0,0.0,0.0,0.0,518658.41925779096,0.0,19461386.6,283.0565280584727,0.0,95744914.71996628,0.0,17999.99999999999,0.0,23881421.60842461,17.685133583885932,41165.55576615788,2917.280957929937,0.0,0.0,0.0,0.0,12471108784.959633,0.0,2119378000000.0,2115271600000.0,0.0,2115093810232.316,0.0,216379252017.6931,0.0,55766724335.00911,2115271600000.0,2115271600000.0,123209077225.35625,0.0,0.0,0.0,23125637635.0,182351.0,2466.0,6763.0,-4297.0,9229.0,475.7278633840991,1226.836582434678,1325.364100917178,1305.4072161590038,,,,,,,,,,,,,,,,,,,,,,,,,,,,,,,,,,,,,,,,,,,,,
11700,"Asheville, NC",North Carolina,0.0,0.0,2027792.847771318,289160.5122970714,149958.92989893287,0.0,28772.758318291508,59107.20798150534,315350.95451131614,1590330.248911228,2491608.9733442185,2480404.1534969728,3488026.053589669,0.0,0.0,26658.471831390387,468089.14205637056,0.0,0.0,5507.362059489196,2574130.5,787482.5411323463,0.0,1614096.8427174247,1021453.3963682902,1329882.4917737967,100547.3573057516,12031894.559483849,963642.8435504764,4674329.623598536,0.0,0.0,283418.01919785875,42145.557731501816,0.0,0.0,5434970791739.855,5440574000000.0,5434971200000.0,0.0,5431574837047.208,5434190432609.888,3623259941501.394,5434971200000.0,145832949544.48926,5434971200000.0,5434971200000.0,0.0,0.0,133285966269.60916,5434970791739.855,85940310212.0,468532.0,22515.0,19866.0,2649.0,42381.0,1751.45568028426,2058.660001068656,2741.885847368558,2662.661826068042,"Asheville, NC",11700.0,3.4,3.4,3.3,3.1,3.1,3.1,3.2,3.1,3.1,3.0,3.0,3.0,3.0,3.0,3.1,3.1,3.1,3.3,3.4,3.5,3.6,3.8,4.1,4.2,4.4,4.6,4.9,5.1,5.1,5.0,4.8,4.5,4.3,4.2,4.3,4.3,4.5,4.6,4.7,4.6,4.7,5.3,6.5
12020,"Athens-Clarke County, GA",Georgia,0.0,0.0,0.0,466225.2530053784,67368.71551734615,395253.3009784707,44178.25041361263,31520.33672844534,69600.00000000253,695042.656121664,95163.60203807222,427367.0916481008,2879842.1444954267,0.0,0.0,269.4859138229846,261783.02606501617,0.0,0.0,0.0,1822526.6,1448333.0413074775,2530.366387598015,2047955.1607633769,626145.7033168571,118500.00000000036,77686.22348740889,20421.49371075303,308416.46575403016,3759604.550960576,0.0,0.0,34732.95779454389,13687.737177798384,0.0,0.0,0.0,2498814000000.0,2495821200000.0,2495821200000.0,2495607388648.473,2495716379581.2485,729518792897.4912,2495821200000.0,22851230376.216038,2495821200000.0,2495821200000.0,0.0,0.0,421504107476.8046,2495821200000.0,36330797399.0,215157.0,23508.0,14013.0,9495.0,37521.0,1778.0433065592076,1395.4522564387505,2290.789820127547,2229.512502768262,"Athens-Clarke County, GA",12020.0,3.9,4.1,4.1,4.0,3.9,3.8,3.7,3.5,3.5,3.4,3.4,3.5,3.5,3.4,3.4,3.4,3.5,3.5,3.5,3.5,3.7,4.0,4.3,4.5,4.8,4.9,4.9,4.8,4.8,4.7,4.4,4.1,4.1,4.1,4.2,4.3,4.3,4.1,4.1,4.1,4.3,4.5,5.4
12060,"Atlanta-Sandy Springs-Roswell, GA",Georgia,0.0,0.0,736100.3102017223,10010525.945630426,5800226.452102976,1084883.5666232922,343488.3374932921,1104362.919078854,567110.619252855,16625918.040757691,14854819.779293224,6030694.931730722,80476744.36870791,0.0,0.0,68082.09499016695,6713289.0068291295,0.0,0.0,5852.127554534023,42166146.2,48567478.881844215,5058.832517108067,27798240.524390645,3714397.8650897215,1830953.625608636,5873834.914232487,13418862.829576563,3840453.218051663,112659894.29728602,0.0,0.0,1068830.4818502683,268663.2320485643,0.0,0.0,5046845182989.695,70641854000000.0,70573866400000.0,9173650203045.309,70286170830063.98,70554933085669.19,25380959230082.25,70573866400000.0,979844302937.1832,70573866400000.0,70573866400000.0,0.0,0.0,7985369750265.522,70573798836199.03,1135854583882.0,6083954.0,204029.0,205499.0,-1470.0,409528.0,6832.38567412584,5610.04206757846,8902.19759385288,8778.43402891427,"Atlanta-Sandy Springs-Roswell, GA",12060.0,2.6,2.6,2.6,2.5,2.4,2.4,2.4,2.4,2.4,2.4,2.4,2.4,2.4,2.4,2.4,2.3,2.3,2.3,2.4,2.4,2.5,2.6,2.8,2.9,2.9,3.0,3.0,2.9,2.5,2.1,2.1,1.8,1.8,2.5,2.8,2.9,2.9,3.0,3.2,3.3,3.5,4.1,4.7
12100,"Atlantic City-Hammonton, NJ",New Jersey,0.0,547296.5206328537,0.0,108674.63984200828,678.6439659965217,2379901.7740907613,697611.8357979705,29802.90491536689,17399.999999999818,641324.3284026497,591797.3517244245,118762.87614485995,613507.7881646191,0.0,0.0,11092.453790272875,90783.64185537604,0.0,76979919.68931311,0.0,488818.2,764.612221557566,0.049325673475307,27578013.24518156,6685.2273974379,4499.999999999996,86637.04159236014,10533433.772575293,3151028.162496065,472377.696532662,0.0,0.0,5775262.97694808,76744.2771529394,0.0,661086867889.803,0.0,3184594400000.0,3181427600000.0,3181427600000.0,3181127725147.7446,3114626462823.804,279460669714.4688,3181427600000.0,632954891178.4124,3181427600000.0,3181427600000.0,0.0,0.0,437882795352.9968,3181427600000.0,61387375735.0,274261.0,10675.0,12571.0,-1896.0,23246.0,1363.5160431766103,1293.9961360065956,1900.1134176674825,1858.7068085096157,"Atlantic City-Hammonton, NJ",12100.0,3.0,2.8,2.5,2.4,2.4,2.6,2.9,3.2,3.3,3.3,3.2,3.0,3.0,2.8,2.8,2.7,2.6,2.6,2.6,2.6,2.6,2.7,3.2,3.6,4.0,4.7,4.7,4.8,4.6,4.1,4.3,4.2,4.2,4.1,3.8,3.7,3.3,3.1,3.1,3.4,3.8,4.4,4.7
12220,"Auburn-Opelika, AL",Alabama,0.0,0.0,0.0,155268.358055872,4073.2198303145856,1562292.776411073,90582.67287105817,18502.30978729864,17400.00000000008,599260.8076289636,320813.2467903227,482135.64225456247,1549939.7494322823,0.0,0.0,3183.775481137807,12810.359825207192,0.0,0.0,0.0,675018.4,73771.22045939305,5965.135231588606,3956481.901853048,4166.558496283536,104999.99999999996,46270.79522049816,301761.10896495933,110181.54976807768,1066211.6826604228,0.0,0.0,31629.78576774348,2083.2639206234785,0.0,0.0,0.0,2021195600000.0,2016903600000.0,2016903518472.416,2016504562460.8608,2016902804092.4165,471117976271.4116,2016903600000.0,32870201292.50197,2016903600000.0,2016903600000.0,0.0,0.0,156535427143.17346,2016903518472.416,29521156046.0,173871.0,14713.0,11265.0,3448.0,25978.0,1376.9233820369236,1150.8405623716951,1779.620465155422,1808.6525371115367,"Auburn-Opelika, AL",12220.0,4.4,4.2,4.0,3.9,3.8,3.7,3.8,3.8,3.6,3.5,3.4,3.3,3.3,3.4,3.4,3.5,3.5,3.6,3.6,3.7,3.8,3.9,3.9,3.9,4.0,4.2,4.3,4.2,4.1,4.1,4.0,3.7,3.7,3.7,3.7,3.9,3.6,3.7,3.7,3.7,3.7,4.4,5.3
12260,"Augusta-Richmond County, GA-SC",Georgia,0.0,0.0,0.0,1890186.8116523416,750348.6731337741,2088564.792412396,469959.08932076994,339189.1552041999,121800.00000000752,1387416.3502451188,608355.0854360342,5591518.30513218,16144188.251303226,0.0,0.0,17184.58153130018,163011.91067139205,0.0,0.0,0.0,7503558.8,89901.52023063446,21334.772724073184,20253769.00853876,7381091.854310023,232500.0000000002,126661.89679782429,126619.27444514644,1931518.767922761,7560592.937330715,0.0,0.0,168313.12144313575,585077.610283326,0.0,0.0,0.0,7087600000000.0,7075918800000.0,7075918800000.0,7074132630645.016,7075396579882.55,1231106482074.223,7075918800000.0,76076972526.2583,7075918800000.0,7075918800000.0,0.0,0.0,1375265404156.366,7075918800000.0,119343238645.0,609993.0,30544.0,28713.0,1831.0,59257.0,2461.840571604912,2530.4594444487743,3431.535224939415,3627.6644001340583,"Augusta-Richmond County, GA-SC",12260.0,2.7,2.7,2.7,2.6,2.5,2.5,2.6,2.5,2.4,2.3,2.2,2.3,2.3,2.4,2.4,2.4,2.4,2.4,2.4,2.4,2.4,2.6,2.7,2.8,2.8,3.0,3.1,3.3,3.3,3.4,3.3,3.1,3.0,3.0,2.9,2.9,3.0,3.1,3.2,3.2,3.3,3.7,4.6
12420,"Austin-Round Rock, TX",Texas,0.0,0.0,3355105.0916340137,83639.10072963807,1223832.5013900748,11378175.49876496,155693.58611558058,886018.6486959792,88536.22417292885,4008603.8088717465,41377856.27093023,1874116.4592690703,92678077.54721949,0.0,0.0,767316.0756825076,3418897.789515349,0.0,0.0,26867.02591990675,237893.5,29659397.861936625,1617.8771007449295,10375661.564419026,919757.690155121,165236.69815778048,239549.16735513596,27094606.32265324,3011204.781954461,29240080.72870002,0.0,0.0,9306546.522054758,344719.98386862536,0.0,0.0,26419545192954.625,26487103600000.0,26419545200000.0,26419545192954.625,26394659670814.586,26417202267109.87,3150373727755.419,26419545200000.0,635755508126.5156,26419545200000.0,26419545200000.0,0.0,0.0,3407191005965.913,26419545192954.625,330355586271.0,2277547.0,128968.0,97392.0,31576.0,226360.0,5229.738234366993,3857.7345683704057,6473.421815392537,6523.932019878809,"Austin-Round Rock, TX",12420.0,3.4,3.2,3.2,3.2,3.4,3.5,3.5,3.2,2.8,2.5,2.4,2.5,2.7,2.8,2.8,2.8,2.8,2.9,2.8,2.7,2.9,3.0,3.2,3.2,3.1,3.2,3.3,3.3,3.3,3.3,3.4,3.4,3.5,3.6,3.8,3.9,4.0,4.0,4.1,4.1,4.4,5.6,6.1
12540,"Bakersfield, CA",California,0.0,0.0,0.0,36789111.102078445,16296.764801231828,2940444.7603536225,0.0,0.0,89830.26236160724,353852.480775205,173778.26585422567,15610.219776500804,44018.62424511112,0.0,0.0,23018.597235474663,5649.010597979072,0.0,0.0,0.0,125290424.0,2712.1106890095025,6.327758895214105,0.0,0.0,518940.12774783606,13476.661513277551,7389449.841053958,6643.994504740454,122026.37181530953,0.0,0.0,27826334.816841047,937.0523050889944,0.0,0.0,0.0,10547126000000.0,10538948000000.0,10538947727619.82,0.0,0.0,538294241614.6913,10538948000000.0,546189557273.5894,10538948000000.0,10538948000000.0,0.0,0.0,363126438450.0234,1743871236518.7512,146738640467.0,908530.0,37593.0,35742.0,1851.0,73335.0,2355.541975851842,2047.074009409528,3128.476945735736,3113.9134541602148,"Bakersfield, CA",12540.0,2.4,2.4,2.4,2.3,2.2,2.2,2.3,2.4,2.8,3.1,2.9,3.0,3.1,3.1,3.0,2.9,2.9,2.8,2.7,2.5,2.4,2.7,3.1,3.7,4.6,6.4,6.4,5.8,4.1,2.8,2.9,2.9,3.1,4.0,4.3,4.3,4.4,4.5,4.6,4.7,4.9,5.6,6.2
12580,"Baltimore-Columbia-Towson, MD",Maryland,0.0,208856.1884287538,1289673.0094701804,812931.4368920459,86688.95461821971,44270168.37471695,6637054.593949431,940048.4817609696,124687.42043629184,5438401.043725831,4861116.903095375,8719313.191216879,12715617.992189156,0.0,0.0,10983.142377269172,2860642.635808958,0.0,14269021.875236897,3079.2230422503526,3010448.7,57844.25239492608,18.33555070246688,166840798.88953525,210608.5603181006,756640.8658913865,394661.9284617194,2345634.6086046784,3373906.4934010725,10040533.546704944,0.0,0.0,434066.78462763183,197517.0775124909,0.0,402761616106.01855,32407745133703.81,32996316000000.0,32986096400000.0,32986096295529.008,32978461161784.234,32895251458174.902,10842081364448.96,32986096400000.0,332274663566.9148,32986096400000.0,32986096400000.0,0.0,0.0,2444690357646.6216,32986096295529.008,496560547967.0,2843629.0,95026.0,110038.0,-15012.0,205064.0,3899.545999215806,3982.380067246219,5575.85580875259,5571.952261102028,"Baltimore-Columbia-Towson, MD",12580.0,2.1,2.2,2.0,2.0,2.0,2.0,2.0,2.1,2.2,2.2,2.4,2.4,2.5,2.5,2.5,2.3,2.2,2.2,2.1,2.1,2.5,2.5,2.9,3.4,3.9,4.5,4.6,4.5,4.2,3.8,3.8,3.5,3.6,3.6,3.4,3.3,3.3,3.3,3.5,3.6,3.9,4.1,4.2
12620,"Bangor, ME",Maine,0.0,267.95399888402574,91465.90874542284,173604.73779243487,11785.696887128152,0.0,173457.30298170843,32443.28534365853,17400.000000000124,570911.688187888,595267.1550904905,38804.84031000773,396067.8912167924,0.0,0.0,3519.9715401485105,137330.98466433663,0.0,25770.15668901901,412.4567088162368,921258.0,45107.96326655029,0.0,6600846.952895502,1956110.8215230235,104999.9999999996,3163.814355589768,422279.6130576074,36404.0994604197,157809.27674013004,0.0,0.0,39340.4185954092,4011.2642491838337,0.0,2626270346.388348,1764128000000.0,1765508400000.0,1764128000000.0,0.0,1758838783378.891,1763712845056.485,482850080284.79913,1764128000000.0,44378413412.26772,1764128000000.0,1764128000000.0,0.0,0.0,582448017045.8209,1764128000000.0,30777390236.0,152080.0,9198.0,7609.0,1589.0,16807.0,861.1109103942418,1004.7870421139,1321.042012957953,1326.3898371142625,"Bangor, ME",12620.0,2.3,2.5,2.2,2.1,2.1,2.2,2.3,2.5,2.5,2.5,2.6,2.6,2.6,2.6,2.5,2.5,2.5,2.4,2.4,2.3,2.3,2.4,2.6,2.7,2.8,3.1,3.1,3.1,3.1,3.0,3.1,3.0,3.0,3.0,3.0,3.0,2.8,2.8,2.8,2.9,2.9,3.2,3.7
12700,"Barnstable Town, MA",Massachusetts,0.0,25065.11464589968,0.0557805879176,73615.68588341982,19582.980479687485,47529.46702514227,540216.1745862634,12876.184575234534,22011.0143516276,265990.2691799108,0.0,49900.53217926446,634528.7142193918,0.0,0.0,4810.231820056768,757.2291803502702,0.0,2820506.900205237,0.002248603773776,439501.3,870.6558943538735,0.068496186854746,27194829.667627707,342072.41298576473,124624.33581887904,57440.35510336726,0.000157349686593,26220.75536537757,278676.73245394666,0.0,0.0,75177.45317079777,9447.531807137038,0.0,302425574547.34033,924325746.8173912,2656353600000.0,2654892000000.0,2654892000000.0,2654851929027.784,2617786359295.481,464666976335.8736,2654892000000.0,0.0,2654892000000.0,2654892000000.0,0.0,0.0,795191764593.002,2654892000000.0,63061628266.0,228870.0,8925.0,10665.0,-1740.0,19590.0,941.7478431087592,1095.2880899562454,1458.149855124637,1431.5477637857564,"Barnstable Town, MA",12700.0,3.4,3.6,3.4,3.4,3.6,4.0,4.5,4.7,4.6,4.6,4.6,4.5,4.4,4.2,4.0,3.9,3.8,3.8,3.7,3.9,4.3,4.7,5.7,6.6,7.2,7.2,6.7,6.5,5.8,5.5,5.8,5.4,5.3,5.4,5.3,5.5,5.3,5.5,5.5,5.6,6.1,7.3,8.0
12940,"Baton Rouge, LA",Louisiana,0.0,171476.11127436877,0.0,457129.9124488226,570149.2317715423,3259746.388721167,7628230.530969115,1171093.2642523528,132482.88760518393,5081214.940848456,4538414.749833508,726203.9458290362,58866564.94003284,0.0,0.0,14852.2681055157,1093178.025793506,0.0,6287309.807300849,0.0,1865697.5,368583.1968886832,2976.2386428604195,244178290.43280825,1764144.6052242827,32615.91931951999,848188.9510396118,264641626.7675508,580810.492030605,19732307.684459247,0.0,0.0,163760.5612049377,20730.681753576147,0.0,4781480581593.713,0.0,9854548000000.0,9846509200000.0,9846509069274.496,9846440942448.572,9826569308501.691,116159883689.45042,9846509200000.0,2549017685879.4014,9846509200000.0,9846509200000.0,0.0,0.0,702931218013.7814,9846509069274.496,192799687958.0,848837.0,29228.0,28172.0,1056.0,57400.0,2291.5352932041,1931.1084899611412,2989.810529113844,3004.1837493735297,"Baton Rouge, LA",12940.0,3.5,3.3,3.4,3.4,3.4,3.1,3.2,2.9,2.6,2.5,2.4,2.4,2.5,2.5,2.5,2.6,2.6,2.6,2.7,2.8,2.9,3.0,3.1,3.2,3.2,3.5,4.0,3.8,3.5,3.4,3.5,3.3,3.3,3.3,3.3,3.4,3.4,3.6,3.6,3.6,3.8,4.3,4.6
12980,"Battle Creek, MI",Michigan,0.0,0.0,245744.2891752876,67391.54691621909,4596.5623552015,238606.7494796544,673.0330957616555,6119.639265362784,17399.99999999962,266018.3475242985,95010.97597649868,1490751.2252211736,2290399.699631691,0.0,0.0,3216.8646369426338,92377.3551953962,0.0,0.0,2165.7227602017265,262447.9,72954.35349326416,3000.9067562858254,77859.05543236382,98226.28254717385,4500.000000000005,1174.0531498483333,234670.90648699232,2306588.098645913,3663308.226700136,0.0,0.0,31288.94337345548,48307.45182628519,0.0,0.0,1557636376406.064,1557996000000.0,1557636400000.0,1557636376406.064,1556694433452.5854,1557451252621.6223,185714176962.4284,1557636400000.0,22680010741.921574,1557636400000.0,1557636400000.0,0.0,0.0,532302994676.49646,1557636376406.064,25595793747.0,134279.0,6844.0,6956.0,-112.0,13800.0,822.03527904829,853.7517203496576,1218.169528431901,1150.957861956727,"Battle Creek, MI",12980.0,1.8,1.8,1.6,1.6,1.5,1.5,1.5,1.5,1.5,1.6,1.6,1.6,1.6,1.6,1.7,1.7,1.8,1.9,2.0,2.0,2.1,2.2,2.3,2.3,2.4,2.4,2.4,2.4,2.3,2.2,2.1,2.0,2.0,2.0,2.1,2.2,2.3,2.3,2.3,2.3,2.3,2.5,2.9
13020,"Bay City, MI",Michigan,0.0,2313.5071714817304,928354.317616054,12769.464140198,25204.54324040003,204553.39737708253,681.2582526540134,1586.7249198101113,17399.99999997964,163361.92840451808,239982.0272846995,989748.4472439548,2357590.1298586167,0.0,0.0,1497.579671972953,163283.07342425294,0.0,380691.6227087276,2248.6146861416173,45352.9,533541.0536564633,1328.806149346421,83504.57523081082,145456.22932219267,4500.000000000005,6169.699031533027,454167.12623592536,2337633.8576025814,1989716.8481157648,0.0,0.0,11607.252625963834,62166.001908926446,0.0,114760163104.17108,1204635984409.104,1204729600000.0,1204636800000.0,1204635984409.104,1203548016309.2795,1204558763582.4785,4087183610.09762,1204636800000.0,126657789962.52228,1204636800000.0,1204636800000.0,0.0,0.0,15608849064.797491,1204635984409.104,19834274578.0,103848.0,4791.0,4362.0,429.0,9153.0,813.6246063142388,772.6862235086115,1095.674221655324,1148.0008710798088,"Bay City, MI",13020.0,1.9,1.9,1.7,1.6,1.5,1.5,1.5,1.6,1.6,1.6,1.7,1.7,1.8,1.8,1.9,1.9,2.0,2.0,2.1,2.1,2.2,2.2,2.4,2.4,2.5,2.5,2.4,2.3,2.1,2.0,1.9,1.8,1.9,1.9,2.0,2.1,2.2,2.2,2.1,2.1,2.1,2.3,2.7
13140,"Beaumont-Port Arthur, TX",Texas,0.0,71167.35767583967,235087.6729707276,94250.72360798322,103325.17267554723,1043077.7031506428,6161826.815198122,845852.7245013685,59294.88079979864,2431181.881292327,12235864.789647248,425855.4417162701,21010962.463949103,0.0,0.0,726614.0514921184,22684.4599484742,0.0,96022.29732369226,5418.808501583146,320899.7,660960.4685213442,364.26793885974473,111529151.04411513,986377.0036618474,14424.28773917868,59899.327901657656,126532218.60850236,395071.14456328086,7279110.476292679,0.0,0.0,7491901.868365439,967.687470003585,0.0,719622372009.3289,792491528378.3243,4753471200000.0,4748007600000.0,4748007600000.0,4747775977201.38,4747884395973.889,37161404260.12041,4748007600000.0,582782787271.0706,4748007600000.0,4748007600000.0,0.0,0.0,275536269189.722,4748007600000.0,65744988484.0,409311.0,17495.0,18040.0,-545.0,35535.0,1500.8317693865624,1729.9387272386268,2226.9191723095832,2351.8698943606555,"Beaumont-Port Arthur, TX",13140.0,2.4,2.3,2.4,2.4,2.4,2.3,2.3,2.2,2.1,2.1,2.0,2.1,2.2,2.2,2.2,2.1,2.2,2.1,2.2,2.2,2.2,2.3,2.3,2.4,2.5,2.6,2.8,2.8,2.9,3.0,2.9,2.9,2.9,3.1,3.0,2.9,2.9,3.0,3.0,3.3,3.4,3.5,3.5
13220,"Beckley, WV",West Virginia,0.0,0.0,151233.77025522702,79006.65179844608,47372.20233571521,0.0,4535.9942379416025,14083.845641013912,141943.67823855235,1041105.3445833996,1272720.5719913975,163379.0603845995,70882.27822001622,0.0,0.0,25415.91312632012,180064.21406291996,0.0,0.0,608.8005930278821,307366.7,298754.08345376427,0.0,228307.0699378105,23303.272457549258,311504.0516218684,7353.305173948038,2984814.4837497515,327512.7616292993,94889.95287448014,0.0,0.0,537621.7244012778,153437.42573340144,0.0,0.0,1333315600000.0,1334916400000.0,1333315600000.0,0.0,1323640418777.3306,1333315600000.0,899695528591.2263,1333315600000.0,58605882347.2466,1333315600000.0,1333315600000.0,0.0,0.0,27987001508.703617,1333315600000.0,19207145746.0,114941.0,4146.0,5055.0,-909.0,9201.0,635.3542319053207,730.4238495558589,941.6166948392536,994.2474541078795,"Beckley, WV",13220.0,3.4,3.0,2.9,2.7,2.6,2.6,2.7,2.7,2.6,2.5,2.4,2.4,2.6,2.5,2.5,2.5,2.5,2.5,2.6,2.5,2.6,2.7,2.7,2.7,2.7,2.7,2.7,2.7,2.7,2.7,2.6,2.5,2.4,2.4,2.4,2.3,2.2,2.2,2.2,2.1,2.3,2.7,3.0
13380,"Bellingham, WA",Washington,1031080.2796,423874.39272130287,216926.6329799768,7859768.6953064175,834.2777953950435,20596.112475168684,0.0,34830.540873564816,45474.53010115496,67658.71937519462,93117.07159699895,8148.694536904645,82908.25025903097,1011.6809884308548,508556.3132104596,127.6195431428177,31270.951040090607,949.67614,132636.7277991984,741.0186756524326,27074932.9,341.2454526266397,10907.90514677272,0.0,103961.58807368408,312317.031703687,223.9498119808384,179356.01416100195,1418.1963280884283,29471.42956845408,11004.112210070663,3852799.5203223233,49189.12774049849,63.863593684687245,58000000.0,36195224975.44884,2538917783332.481,2631425200000.0,2629499600000.0,2629426783060.2456,0.0,2625191743149.01,888532105157.3116,2629499600000.0,108894022838.43752,2629499600000.0,2629499600000.0,71044726629.52657,2628798250024.9155,661726959341.926,2629499600000.0,45685362845.0,226681.0,15611.0,12224.0,3387.0,27835.0,1454.140983536328,1307.4624277584423,1982.1601852524432,1928.540121439012,"Bellingham, WA",13380.0,3.3,3.3,3.3,3.1,3.0,2.8,2.7,2.5,2.5,2.7,3.0,3.1,3.3,3.5,3.7,3.7,3.7,3.7,3.7,3.7,3.8,4.1,4.3,4.6,5.2,6.2,6.8,6.9,6.7,6.4,5.8,5.3,5.1,5.3,5.5,5.7,5.9,6.2,6.4,6.5,6.6,7.6,8.9
13460,"Bend-Redmond, OR",Oregon,212761.4889120572,0.0,202241.3981616732,1555869.644725378,10676.103313040963,9444.48618079208,0.0,52553.2646376987,17399.99999999998,73170.33952260518,22257.616947167386,43131.41917447212,27781.88406069272,0.0,0.0,128957.88793888572,347442.65049961495,316.55871330167747,0.0,1595.1742462891775,4271073.3,306822.2504457001,14976.86537841776,0.0,495.75893755343,104999.99999999968,74895.24534377776,35927.271389970505,4112.282955366005,28640.70510303508,0.0,0.0,12551909.86201537,6969.38533173258,58000000.0,0.0,2296382400000.0,2299734800000.0,2296382400000.0,2296382400000.0,0.0,2296382400000.0,460030822728.43744,2296382400000.0,6006635782.262245,2296382400000.0,2296382400000.0,0.0,0.0,395862707408.0597,2296382400000.0,47186823538.0,197964.0,14771.0,11774.0,2997.0,26545.0,1782.6718710968655,1115.5926675987073,2076.385320695559,2128.337144345322,"Bend-Redmond, OR",13460.0,3.4,3.4,3.4,3.3,3.0,2.8,2.7,2.6,2.5,2.5,2.6,2.7,2.9,3.0,3.1,3.2,3.2,3.2,3.3,3.3,3.5,3.9,4.4,4.8,5.3,6.3,8.0,8.1,7.1,6.7,6.3,5.7,5.2,5.0,4.9,5.1,5.5,5.9,6.3,6.7,6.7,7.6,8.6
13740,"Billings, MT",Montana,123065.07278769344,0.0,209727.63808778883,40724.47424042146,137291.82380463375,2111659.3903971426,0.0,31783.44083580441,65392.98080128041,733322.1674013974,1086831.576898435,50887.56458904989,162363.46491087766,0.0,0.0,133806.5190094854,197913.49189649572,158.2793566508387,0.0,1709.4731994781805,274628.3,1283629.6842380457,21540.83779354525,0.0,125612.18817297649,18495.97079488382,2131.579990155992,665870.1204936763,121629.01142878956,486134.12138273165,0.0,0.0,2642333.770796176,21384.413266452877,58000000.0,0.0,2039604602460.352,2041913200000.0,2040347200000.0,2039604602460.352,0.0,2040347200000.0,378990148504.4683,2040347200000.0,30502103604.3094,2040347200000.0,2040347200000.0,0.0,0.0,177525100748.5669,2040347002460.352,38851072314.0,175892.0,8665.0,9656.0,-991.0,18321.0,1234.9255038260403,1041.584370082424,1636.491979815361,1594.1348750968343,"Billings, MT",13740.0,2.9,2.7,2.8,2.6,2.8,2.8,2.8,2.6,2.5,2.4,2.3,2.3,2.4,2.5,2.6,2.7,2.7,2.7,2.7,2.7,2.7,2.8,2.9,3.1,3.3,3.6,3.7,3.7,3.8,3.8,3.8,3.8,3.8,3.8,3.8,4.0,4.0,4.1,4.2,4.3,4.4,4.7,5.5
13780,"Binghamton, NY",New York,0.0,0.0,286321.02376344864,37729.006573467865,121852.0357764124,119619.00347452058,53558.88689582039,39687.65951911132,41507.58718449652,97780.94462993927,2334741.4473073194,182643.59906565127,3473883.689662287,0.0,0.0,2262.805456129518,3153.229272545783,0.0,0.0,3764.2506551202528,152148.0,59680.28181965271,0.240852992557182,2373495.437142937,179905.92253539368,155708.47285374923,7251.683128439731,24588198.60106975,131377.00743928313,1014516.8407540332,0.0,0.0,68249.44601036781,6666.36402080914,0.0,0.0,2865988800000.0,2866800800000.0,2865988800000.0,2865988800000.0,2857258919530.579,2865968156784.761,1184156051485.711,2865988800000.0,96319915390.84113,2865988800000.0,2865988800000.0,0.0,0.0,1141212581350.3984,2865988800000.0,44602692452.0,247068.0,11754.0,10350.0,1404.0,22104.0,1103.815654898951,1052.739283963508,1532.3061051891689,1517.9716729899803,"Binghamton, NY",13780.0,2.0,1.9,1.9,1.8,1.9,2.1,2.3,2.5,2.5,2.4,2.4,2.4,2.4,2.4,2.3,2.1,2.0,1.9,2.0,1.9,1.9,2.0,2.0,2.1,2.2,2.3,2.3,2.5,2.5,2.6,2.5,2.4,2.3,2.3,2.3,2.2,2.2,2.1,2.3,2.2,2.2,2.5,2.6
13820,"Birmingham-Hoover, AL",Alabama,0.0,0.0,0.0,2944687.804661487,31255.72252222882,7522267.308675934,73613.5245579001,135309.82026698033,125583.05377947584,2213601.961137656,1158472.741480097,3800106.172233273,50044679.19909808,0.0,0.0,12980.36479978526,134034.0504773493,0.0,0.0,0.0,11947088.9,757768.4920860071,17191.697366861496,6899900.663319182,327506.75208831165,524387.4089749688,256006.0060859421,48337424.33626664,1310665.4944617513,53826207.0522215,0.0,0.0,115432.9318030006,30974.87664663436,0.0,0.0,0.0,13695319600000.0,13675854800000.0,13675854800000.0,13672638600495.16,13674081108558.602,7042869088831.564,13675854800000.0,294400032574.3618,13675854800000.0,13675854800000.0,0.0,0.0,1354307909429.135,13675854800000.0,212867671869.0,1178953.0,37250.0,39332.0,-2082.0,76582.0,2371.9373937775003,2293.8251895033327,3367.9084013672345,3230.7958771794915,"Birmingham-Hoover, AL",13820.0,3.5,3.5,3.3,3.3,3.3,3.2,3.2,3.2,3.2,3.0,3.0,3.1,3.2,3.2,3.2,3.2,3.4,3.4,3.3,3.3,3.2,3.3,3.4,3.4,3.5,3.6,3.7,3.4,3.2,3.1,3.2,3.1,3.2,3.5,3.4,3.5,3.6,3.6,3.7,3.7,4.1,4.5,5.1
13900,"Bismarck, ND",North Dakota,0.0,0.0,2422262.1745894933,2193.6816084832617,438755.5022869636,885774.9085297931,0.0,1600936.868021378,69600.00000001604,396210.3786844837,2565711.682157664,1004438.041813274,4886467.468821452,0.0,0.0,5935.010172778988,1099944.7000035136,0.0,0.0,20175.82127751729,7832.3,5112209.114840211,9402.56108150156,0.0,2213599.888324116,17999.999999999975,34310.2921775799,1053320.861182685,1794662.7035591516,2839162.863994787,0.0,0.0,1380589.5750112273,2451944.173366798,0.0,0.0,1594280748073.296,1595278400000.0,1594280800000.0,1594280748073.296,0.0,1594280748073.296,345367891606.3935,1594280800000.0,94093020663.29234,1594280800000.0,1594280800000.0,0.0,0.0,297996715494.70154,1594280748073.296,27491919057.0,137438.0,5970.0,5990.0,-20.0,11960.0,816.136630718166,827.8411683408841,1148.378421949838,1175.9808671912992,"Bismarck, ND",13900.0,2.6,2.8,2.1,2.4,2.7,2.5,2.5,2.4,2.2,2.1,2.0,2.0,2.0,2.0,2.1,2.1,2.1,2.1,2.1,2.0,2.1,2.2,2.3,2.4,2.5,2.7,2.8,3.1,2.9,2.9,3.0,2.9,3.2,3.5,3.7,3.8,3.8,3.6,3.5,3.5,3.7,3.9,3.8
13980,"Blacksburg-Christiansburg-Radford, VA",Virginia,0.0,0.0,242755.0589368122,197728.45733991844,104736.79497706074,0.0,12310.0839836374,28183.188438877256,201041.8151597739,544615.7547225896,669886.000776999,869715.7471463311,235694.32436818295,0.0,0.0,596.642571958758,185942.52885310707,0.0,0.0,1471.8713213696335,875708.2000000001,74771.52203620612,0.0,655200.6971390543,162919.1980695462,152208.63119221677,53299.71522397657,698984.1825075956,385789.72146758577,370785.6331753485,0.0,0.0,14109.37634361912,91070.1691855761,0.0,0.0,2109007600000.0,2109506400000.0,2109007600000.0,0.0,2093005851450.697,2109007600000.0,990244075417.3665,2109007600000.0,51013710598.76514,2109007600000.0,2109007600000.0,0.0,0.0,131559418182.72148,2109007600000.0,34373209038.0,181811.0,13461.0,10939.0,2522.0,24400.0,1033.8399295829115,1046.52806937989,1470.9218198123244,1472.227563931609,"Blacksburg-Christiansburg-Radford, VA",13980.0,3.6,3.4,3.1,3.0,2.8,2.7,2.7,2.9,3.0,3.1,3.0,3.0,3.0,3.1,3.1,3.2,3.1,3.1,3.1,3.1,3.2,3.3,3.4,3.5,3.7,3.9,4.1,4.1,4.1,4.1,3.9,3.8,3.7,3.7,3.7,3.7,3.6,3.7,4.0,4.0,4.1,4.4,5.0
14010,"Bloomington, IL",Illinois,0.0,0.0,2624050.6229958995,527000.1822650299,96683.00008241774,2278617.7860709843,224.05969792000337,264484.7597715157,34799.99999998582,480520.90963023616,204909.52570609856,375840.16135427816,2436108.1204572497,0.0,0.0,932.0042586266326,75898.29224358065,0.0,0.0,5414.326571844842,2064992.8,5034140.240600395,9704.078997061257,40607.17417475416,144332.40907739394,9000.000000000004,32612.871177566783,226393.3558386613,1933304.6789658968,6209623.176164488,0.0,0.0,10762.769004332142,88729.4127167606,0.0,0.0,2162727190155.312,2163052000000.0,2162727200000.0,2162727190155.312,2162727200000.0,2162442833322.9287,17625682029.113564,2162727200000.0,21684156974.3373,2162727200000.0,2162727200000.0,0.0,0.0,143324114076.0708,2162727190155.312,38267782978.0,186442.0,11788.0,10729.0,1059.0,22517.0,1301.1813862794072,1087.570687357838,1671.7439995405996,1719.420251131177,"Bloomington, IL",14010.0,3.0,2.9,2.6,2.4,2.3,2.3,2.4,2.6,2.6,2.5,2.4,2.4,2.5,2.5,2.6,2.6,2.7,2.6,2.6,2.5,2.5,2.6,2.7,2.8,2.9,3.1,2.8,2.7,2.8,2.6,2.7,2.5,2.6,2.5,2.5,2.5,2.4,2.4,2.5,2.4,2.4,2.7,3.1
14020,"Bloomington, IN",Indiana,0.0,0.0,46716.34064300129,635161.8695394429,2698.8474621486707,107481.13790071412,320.6292258870542,85080.88882981666,34799.99999999958,186376.28905007767,1030919.1787089168,2211904.5509211435,2886819.372713032,0.0,0.0,5082.480307569821,31182.810799823044,0.0,0.0,2241.679253127681,2482808.4,1634.2250178981028,6504.599058668535,39307.68539469551,1098.0982508636923,109499.99999999996,42815.51962633519,2160614.791400813,350466.3284200901,2013968.5691964864,0.0,0.0,55996.01825066216,58836.333700634175,0.0,0.0,1865871600000.0,1868052400000.0,1865871600000.0,1865871600000.0,1863560393087.827,1865871600000.0,564375867736.0643,1865871600000.0,27382674627.37201,1865871600000.0,1865871600000.0,0.0,0.0,837901977217.5802,1865871600000.0,31068812811.0,160851.0,19519.0,10722.0,8797.0,30241.0,1359.4421650073975,972.5435722886662,1650.0387874228898,1691.8241634401609,"Bloomington, IN",14020.0,2.9,3.0,2.8,2.8,2.7,2.6,2.6,2.6,2.6,2.6,2.6,2.7,2.8,2.9,3.1,3.1,3.2,3.2,3.2,3.2,3.2,3.3,3.3,3.4,3.5,3.6,3.5,3.4,3.5,3.5,3.5,3.4,3.3,3.2,3.2,3.4,3.3,3.3,3.3,3.2,3.2,3.9,4.7
14100,"Bloomsburg-Berwick, PA",Pennsylvania,0.0,0.0,54775.138955124494,12523.277733500086,21805.928118360232,91872.13807117128,23035.02647529513,26149.15916907567,34800.00000000018,134348.60940445535,599044.8035893418,441057.77729660255,402424.6083818728,0.0,0.0,365.0657572567843,71386.84642289633,0.0,0.0,159.34761310239145,49546.3,9334.473950694288,0.161091810945733,1023555.016971169,5296.671329853693,109500.0000000005,4592.328415654692,1086794.5173631485,232643.03053201307,474398.5327548447,0.0,0.0,11883.375048638933,32787.38426313805,0.0,0.0,960248000000.0,961210800000.0,960248000000.0,960248000000.0,959902778118.4633,959194744993.5558,459345974821.04034,960248000000.0,56892200118.37485,960248000000.0,960248000000.0,0.0,0.0,170889691139.10275,960248000000.0,16049017201.0,82780.0,4328.0,4619.0,-291.0,8947.0,462.1449988910407,774.717367818742,902.9003267249382,901.5248194032154,"Bloomsburg-Berwick, PA",14100.0,2.1,2.1,2.0,2.0,1.9,1.9,1.9,2.1,2.2,2.2,2.2,2.2,2.3,2.3,2.3,2.3,2.4,2.3,2.3,2.4,2.5,2.5,2.6,2.6,2.7,2.9,2.9,2.9,2.9,2.9,2.9,2.9,2.8,2.7,2.8,2.9,2.8,2.9,2.9,2.9,3.0,3.3,3.6
14260,"Boise City, ID",Idaho,184597.60916308043,0.0,1411002.1404708168,1675169.8065504828,335398.61753590265,6693966.781082635,0.0,826657.16625153,626463.3607204615,1777269.942049513,1026695.496792322,1435774.790714159,403549.5655386467,0.0,0.0,302650.3941103796,799909.6480934357,237.4190349525161,0.0,9550.453483342231,7690954.9,39773.36631722618,117656.74140716216,0.0,80017.32980704866,353749.4537264755,2343.496770934677,362058.2801752646,38306.86146881273,461276.8570434958,0.0,0.0,40541586.79941497,3975.224608174258,116000000.0,0.0,8863748813788.436,8870728800000.0,8865775600000.0,8865775600000.0,0.0,8766160487582.14,908462334285.016,8865775600000.0,245559981701.0908,8865775600000.0,8865775600000.0,0.0,0.0,442035346396.4499,8865775600000.0,125057488551.0,764291.0,38528.0,26810.0,11718.0,65338.0,2707.712503202657,1781.6649516674004,3251.330650672121,3230.189777706567,"Boise City, ID",14260.0,3.2,3.3,3.0,2.9,2.8,2.7,2.7,2.5,2.4,2.3,2.4,2.5,2.6,2.7,2.8,2.7,2.7,2.7,2.7,2.9,2.9,2.9,2.8,2.9,3.0,3.3,4.2,4.1,3.7,3.1,3.0,2.5,2.9,3.3,3.4,3.5,3.7,3.9,4.3,4.5,5.1,6.3,6.6
14460,"Boston-Cambridge-Newton, MA-NH",Massachusetts,0.0,398558.4489014673,1582887.7957552995,3965709.71777448,419863.0732696402,5586840.053098464,5549353.012494518,1199849.0240843615,127131.91594116142,8355332.936537018,29930563.1520402,2645267.938362927,10437634.378895564,0.0,0.0,90708.5214723796,129789.28306079029,0.0,15722888.118445233,12407.53663329503,19507396.5,74734.83389847659,20.82628339663827,277718263.68513125,3365152.4993350077,905383.5099431842,1066036.4991001128,12721201.964392511,483508.501384309,16923376.700897496,0.0,0.0,1145341.4850001475,198999.8901572752,0.0,2000558847335.425,57240943381828.76,57322931200000.0,57258133600000.0,57248100902734.11,57242741626478.06,56868428350389.41,21714984029998.977,57258133600000.0,2113081666110.2373,57258133600000.0,57258133600000.0,0.0,0.0,2763043816046.685,57250927380722.66,903740984042.0,4936046.0,144590.0,174086.0,-29496.0,318676.0,3882.4175458082814,4498.391379148773,5921.397554631845,5962.76135695535,"Boston-Cambridge-Newton, MA-NH",14460.0,3.0,3.2,3.0,3.0,3.3,3.7,4.2,4.4,4.4,4.2,4.0,3.9,4.0,4.0,4.0,3.9,3.9,3.8,4.1,4.4,4.8,5.0,5.7,6.2,6.5,6.6,6.2,5.9,5.2,4.7,5.1,4.9,4.8,5.0,5.1,5.1,5.1,5.2,5.3,5.2,5.7,6.3,6.5
14500,"Boulder, CO",Colorado,382453.4809215656,0.0,592894.2807434798,95015.86857518532,784632.3589576934,0.0,0.0,162807.4617424345,62142.26229846246,1326723.594285201,1906165.9517674868,1015253.8735431392,3356827.443599273,0.0,0.0,62162.310025548526,35081.34207673298,0.016666713482821,0.0,942.876934655536,656198.7,293897.3043274765,0.0,0.0,52810.79485140274,386887.2189182977,8101.985702606546,17150883.008646037,549524.8406116473,7987429.650273554,0.0,0.0,7833630.312375408,140364.76558810403,58000000.0,0.0,3835563200000.0,3836792800000.0,3835563200000.0,0.0,0.0,3835563200000.0,520134122134.5564,3835563200000.0,178227635759.81284,3835563200000.0,3835563200000.0,0.0,0.0,312166010166.4938,3835563200000.0,62233133388.0,330652.0,36040.0,28712.0,7328.0,64752.0,2315.534927397987,1863.5782784739688,2861.273667442525,3079.691380641898,"Boulder, CO",14500.0,4.0,3.9,4.2,3.7,3.7,3.7,3.7,3.6,3.4,3.3,3.4,3.6,3.8,4.2,4.7,4.8,4.8,4.7,4.6,4.6,5.0,5.3,5.6,5.5,5.6,5.9,6.0,5.8,5.5,5.4,5.6,5.5,5.6,5.8,5.9,6.3,6.7,7.1,7.2,7.1,7.2,8.6,9.1
14540,"Bowling Green, KY",Kentucky,0.0,0.0,449923.9579022008,1980353.4439719105,197042.79451490985,2371361.011544249,1177.8551326634165,63682.45629026202,69600.00000000023,386433.2214179585,568202.3914758072,1278471.3131381082,8047893.085665093,0.0,0.0,2559.358722988998,198249.71917181023,0.0,0.0,1148.648291046086,4709714.3,2448540.731267451,21406.459880725237,110878.48869204844,1492150.9367422771,18000.0,51599.45901697966,417459.8417352829,906126.462068412,4201355.757277391,0.0,0.0,24945.589628781767,36807.4449503077,0.0,0.0,2082559600000.0,2083812400000.0,2082559600000.0,2082559600000.0,2036478952366.1765,2082559600000.0,465503121529.372,2082559600000.0,20090466547.555267,2082559600000.0,2082559600000.0,0.0,0.0,292145269334.468,2082559600000.0,33059642172.0,179531.0,14677.0,7352.0,7325.0,22029.0,1605.9299486590317,960.6352065170212,1875.1191962112705,1867.313578379379,"Bowling Green, KY",14540.0,3.7,3.7,3.4,3.4,3.2,3.2,3.1,3.1,3.1,3.0,3.0,3.0,3.0,3.0,3.0,3.1,3.0,3.1,3.0,3.1,3.1,3.2,3.3,3.3,3.3,3.4,3.3,3.3,3.3,3.4,3.4,3.4,3.3,3.1,3.0,3.2,3.4,3.5,3.4,3.6,3.7,4.1,4.5
14740,"Bremerton-Silverdale, WA",Washington,0.0,1812501.9464848964,0.0,24567876.463730674,4655.670275920755,426975.5200453319,0.0,30336.369726218876,34958.68731036965,47784.18182033761,10245.87064671116,8434.14663366019,274732.00025220023,0.0,167708.02632955104,2003.5604418738087,20400.400125717097,0.0,736022.3372014707,0.0,53111451.0,1739.0556763813067,42415.28286998215,0.0,125294.7286562699,292293.219955028,10482.169220051725,18097.67435836752,5897.821556700443,107797.01159218204,0.0,934037.212102915,20881.527479865275,36.73849256244593,0.0,54552241768.99765,0.0,3197087600000.0,3196414800000.0,3196414800000.0,0.0,3196414800000.0,2084263023327.4287,3196414800000.0,35945527057.53048,3196414800000.0,3196414800000.0,84111821547.7039,661332534273.4656,317826890326.04706,3196414800000.0,48560592868.0,275553.0,22050.0,19799.0,2251.0,41849.0,1766.9683075822272,2093.5223906134847,2810.3563830945,2666.0808314827964,"Bremerton-Silverdale, WA",14740.0,3.0,3.1,3.0,2.7,2.6,2.6,2.5,2.4,2.4,2.5,2.6,2.7,2.8,2.9,3.0,3.0,3.0,3.0,3.1,3.1,3.2,3.3,3.5,3.6,4.0,4.7,5.4,5.5,5.2,4.7,4.5,4.3,4.0,4.0,4.1,4.3,4.5,4.8,5.1,5.4,5.5,6.0,6.8
14860,"Bridgeport-Stamford-Norwalk, CT",Connecticut,0.0,3560921.8388957586,94402.62828169973,332811.5243289074,17536.947408206863,671147.3405708732,2045037.9978011905,199600.7204145596,19389.26572274953,1215077.17010145,458388.40661864553,5667330.64443109,766772.3606334545,0.0,0.0,90.5664412896165,253127.060107248,0.0,10145103.171788746,2375.8999509242035,1840531.8,806.6665785149821,0.020471904600527,73976326.90502767,2100451.3973689284,154595.09893717797,19222.853122475084,1066218.895949048,902928.7967134014,2346074.674740185,0.0,0.0,36966.25790571443,55433.0136619452,0.0,687999606783.0011,11059143289354.783,11106060400000.0,11104935200000.0,11068257917927.756,11103114444346.855,10999825324594.646,5232030929910.575,11104935200000.0,689408015854.7496,11104935200000.0,11104935200000.0,0.0,0.0,87832231643.96193,11072262088771.336,202345538715.0,957322.0,34412.0,48084.0,-13672.0,82496.0,1914.252856860869,2610.09137771075,3276.742742419673,3195.4093634462547,"Bridgeport-Stamford-Norwalk, CT",14860.0,4.9,4.9,4.6,4.5,4.8,5.4,6.4,6.9,6.4,6.0,5.9,5.9,6.0,6.0,5.8,5.7,5.5,5.3,5.2,5.3,5.5,5.8,6.5,7.3,7.4,7.4,6.8,6.6,5.9,5.2,5.8,5.8,5.3,5.5,5.3,4.9,4.8,4.9,4.8,4.6,5.3,6.2,6.3
15180,"Brownsville-Harlingen, TX",Texas,0.0,11575.77547551821,250067.18268012835,3425.3305701652826,54486.61755785575,8612759.26887993,7244565.537442909,94773.68432308245,14.610703328408,153858.48166532477,15335957.611411646,70446.5204296699,2050367.321702584,0.0,0.0,246.23768738719676,285608.71691996016,0.0,15476112.06276006,22481.925373461483,10901.0,1922474.1973769087,282.9633486732841,104524564.0632738,1219.7822440897287,73.93653535721694,1659.4506048999156,6699181.560508145,147864.27094296433,775399.2424101228,0.0,0.0,64362.2110274493,730.679893646845,0.0,428588318674.08575,4800328056830.367,4883797200000.0,4872962800000.0,4714205286903.666,4872810507017.8125,4847002772578.871,2922140.6656816,4872962800000.0,410784578877.0983,4872962800000.0,4872962800000.0,0.0,0.0,435152145066.7011,4800328056830.367,54597236036.0,420083.0,7354.0,13625.0,-6271.0,20979.0,1316.862559267291,1625.8560821917788,2126.728473501025,2057.3431896501856,"Brownsville-Harlingen, TX",15180.0,2.7,2.7,3.0,3.1,3.2,3.2,3.2,2.9,2.7,2.5,2.4,2.3,2.3,2.3,2.3,2.4,2.4,2.3,2.3,2.3,2.2,2.4,2.5,2.6,2.6,2.8,2.8,2.7,2.7,2.7,2.6,2.5,2.5,2.6,2.6,2.7,2.6,2.6,2.6,2.6,2.6,2.7,3.1
15260,"Brunswick, GA",Georgia,0.0,124383.95678161642,29482.27918288779,244348.6184011975,75202.74448518462,362595.89456135343,1342461.5159756409,15928.511601316432,52199.99999998664,557214.6722489359,737360.2132213832,250795.58142313335,637150.2292849411,0.0,0.0,19136.45848153747,50353.65952494077,0.0,835260.2050433046,144.64557991316178,814632.6000000001,286313.56154991867,5166.31709371572,52520539.798245415,19297.648303516424,11319.325266233876,15024.496677730904,106504.81980100462,39594.33597673,503471.9294699882,0.0,0.0,5745840.718306681,87025.64885532075,0.0,492304757176.3837,384186541892.8341,1316542000000.0,1314674400000.0,1314674400000.0,1314674400000.0,1311004771439.036,91472750274.70142,1314674400000.0,174762047332.64603,1314674400000.0,1314674400000.0,0.0,0.0,240560968659.20572,1314674400000.0,21200886015.0,113334.0,6854.0,5817.0,1037.0,12671.0,1100.5653092842788,801.2577612728628,1275.0270585364062,1441.817256104254,"Brunswick, GA",15260.0,2.9,3.0,3.0,3.0,2.9,2.8,2.8,2.8,2.7,2.6,2.6,2.7,2.7,2.7,2.8,2.8,2.8,2.9,2.9,3.0,3.1,3.3,3.4,3.6,3.7,3.9,4.1,4.2,4.2,4.2,3.9,3.5,3.3,3.1,3.2,3.2,3.5,3.5,3.4,3.4,3.6,3.9,4.6
15380,"Buffalo-Cheektowaga-Niagara Falls, NY",New York,0.0,14673.340395283083,3117377.9914569217,381713.6255738401,39944.17363672189,518346.5814244262,14683.069310649827,615370.3696213212,40654.438910564335,673734.002984952,1540724.405814935,267380.8840176267,8541719.688962804,0.0,0.0,22503.677501455222,1345795.3336290913,0.0,114425.0496657146,48637.64907744058,1832393.1,110753.4176646581,2.770743986428345,2442783.1978578866,416878.4019021377,258807.8872663575,78619.44631728437,6531647.4513778,249928.421597243,2922593.9524910743,0.0,0.0,254811.71462232972,74173.87472878359,0.0,65108607186.27995,13533105151096.488,13536063200000.0,13533105200000.0,11812084928241.271,13514492142470.783,13520229658656.447,994909348646.8772,13533105200000.0,266264154066.5777,13533105200000.0,13533105200000.0,0.0,0.0,3723742301026.2446,13533105151096.488,214429945597.0,1166647.0,28013.0,31500.0,-3487.0,59513.0,1875.279445842672,1909.2718507326292,2689.3378367174328,2662.7857593129797,"Buffalo-Cheektowaga-Niagara Falls, NY",15380.0,2.3,2.3,2.2,2.2,2.2,2.2,2.2,2.3,2.5,2.6,2.7,2.7,2.7,2.7,2.6,2.5,2.5,2.3,2.3,2.1,2.1,2.2,2.2,2.2,2.3,2.3,2.3,2.3,2.3,2.4,2.6,2.5,2.6,2.6,2.5,2.5,2.5,2.6,2.6,2.7,2.9,3.3,3.5
15500,"Burlington, NC",North Carolina,0.0,0.0,0.0,55808.84969177164,320630.9087203328,144715.38614226138,98576.52761836644,36208.46375841864,17399.999999999894,560628.5645981386,309793.30500883225,59444.20750383141,2633648.2982525565,0.0,0.0,9747.4694950353,538036.1326416712,0.0,0.0,0.0,361645.2,34024.58348536258,1929.4151637378648,4149484.3474372015,292431.3948747862,4499.999999999985,24300.48445408172,140657.2610529744,118762.98813847292,1691550.6115506303,0.0,0.0,23152.125887264567,43744.210286835376,0.0,0.0,0.0,1988414000000.0,1987265600000.0,1987265600000.0,1987108418519.7996,1987265600000.0,277556259017.80945,1987265600000.0,19838193241.294792,1987265600000.0,1987265600000.0,0.0,0.0,322377099702.5686,1987265600000.0,28645737450.0,171316.0,9437.0,7913.0,1524.0,17350.0,1161.456413301851,989.515538028585,1514.2806873231923,1536.4598920896049,"Burlington, NC",15500.0,2.7,2.8,2.7,2.7,2.7,2.8,2.8,2.7,2.7,2.7,2.7,2.8,2.8,2.8,2.9,2.9,3.0,3.0,3.0,3.0,3.0,3.2,3.4,3.6,3.6,3.6,3.7,3.7,3.7,3.8,3.6,3.4,3.3,3.4,3.4,3.5,3.5,3.4,3.3,3.3,3.3,3.7,4.6
15540,"Burlington-South Burlington, VT",Vermont,0.0,0.0,159824.85656489705,184943.8206868927,44014.41345218957,51231.21625573585,25915.58474484853,83603.4498848711,77944.21836218529,379904.15726360126,133775.91634759094,205948.6694058512,661585.4478149184,0.0,0.0,4927.536138235693,103692.98133525168,0.0,0.0,3147.079251636098,1295103.0,15793.627566862053,0.09447232771633,1485716.019499185,724878.0731365478,119317.72047292652,114163.36923405682,1592826.657704066,183705.0338647205,271738.7527451829,0.0,0.0,65612.45345041246,223016.92911643692,0.0,0.0,2614292000000.0,2616519200000.0,2614292000000.0,2319771892180.751,2610159852845.112,2614190891492.8027,1228453249213.7463,2614292000000.0,33822043930.98588,2614292000000.0,2614292000000.0,0.0,0.0,305569202294.76587,2614292000000.0,49038911939.0,225370.0,13521.0,9501.0,4020.0,23022.0,1125.3950417520064,986.8013984586768,1464.6248666467466,1529.0107913288252,"Burlington-South Burlington, VT",15540.0,2.4,1.9,2.2,2.1,2.0,2.0,2.1,2.3,2.4,2.5,2.5,2.5,2.5,2.5,2.5,2.5,2.4,2.3,2.3,2.2,2.3,2.4,2.6,2.8,3.1,3.5,3.7,3.6,3.6,3.6,4.0,4.1,3.8,4.0,3.9,3.9,4.0,4.1,4.2,4.2,4.4,4.7,5.2
15680,"California-Lexington Park, MD",Maryland,0.0,35518.2505147178,64333.578561594026,34787.98121283831,630.795481736656,510230.0326458932,377167.39322425966,265.7279852457072,17399.999999999905,335904.0465459328,333739.25288074964,70650.60137904633,695628.7211390729,0.0,0.0,632.0756924498613,218717.58936980416,0.0,297497.84794051485,107.2701401289481,141071.2,1631.432076723579,0.007631131228584,16784005.66526942,88401.56143733746,4500.000000000005,42830.671041179965,49761.755220866464,634884.7541976137,539191.630244883,0.0,0.0,35710.09777702434,1438.4921366436731,0.0,40096766684.88416,1318908400000.0,1319813200000.0,1318908400000.0,1318908400000.0,1318848608927.988,1318014614780.6016,266599569697.24847,1318908400000.0,22849861627.34564,1318908400000.0,1318908400000.0,0.0,0.0,13196917945.006355,1318908400000.0,21607892521.0,113699.0,7725.0,6234.0,1491.0,13959.0,1133.974426519399,852.4675946920211,1430.178310561309,1407.497779749581,"California-Lexington Park, MD",15680.0,4.2,4.0,3.6,3.4,3.3,3.2,3.2,3.2,3.3,3.3,3.4,3.4,3.5,3.6,3.7,3.6,3.4,3.1,3.0,2.9,3.0,3.2,3.4,3.7,4.4,5.1,5.5,5.3,5.0,4.6,4.1,3.7,3.6,3.7,3.8,3.9,4.0,3.9,3.8,3.6,3.6,3.7,3.8
15940,"Canton-Massillon, OH",Ohio,0.0,0.0,249356.0626255116,105798.53701260574,74693.08587060143,362819.70490949857,4847.513205828114,7514.86959079793,34799.99999999997,775099.562069346,1134538.132589743,231138.09237001816,1979457.5381469,0.0,0.0,9729.786721789853,85207.11387780329,0.0,0.0,13791.952325921056,424500.4,6815357.008478661,4612.986186630358,328379.7801996955,134645.88360672997,109499.99999999977,83424.57567804017,4652634.881178204,435887.08118372416,4183605.977726709,0.0,0.0,107048.55180860747,571527.6464460536,0.0,0.0,4657550800000.0,4658258400000.0,4657550800000.0,4657550800000.0,4610604770635.987,4652394375130.096,1491235692589.8784,4657550800000.0,55401887994.57775,4657550800000.0,4657550800000.0,0.0,0.0,1609991902047.0771,4657550800000.0,81422058332.0,401513.0,12556.0,14600.0,-2044.0,27156.0,1112.233338827784,1250.459915391133,1639.445028050651,1706.9428812939232,"Canton-Massillon, OH",15940.0,2.4,2.3,2.3,2.2,2.1,2.1,2.1,2.1,2.1,2.1,2.2,2.3,2.4,2.4,2.4,2.5,2.5,2.6,2.5,2.7,2.6,2.6,2.7,2.8,2.8,2.7,2.6,2.5,2.1,2.0,2.1,2.3,2.1,2.4,2.3,2.4,2.4,2.5,2.5,2.5,2.7,2.8,3.0
15980,"Cape Coral-Fort Myers, FL",Florida,0.0,338707.5099151035,10273.803110179124,44785.665034352925,195915.3253891001,0.0,20087400.435960382,0.0,17400.00000000086,10121346.170001054,7733615.269165693,17337.39539299438,1369653.1700952346,0.0,0.0,4789.332102783286,0.0,0.0,89125.4306050325,12490.482350062524,116325.5,1734.4388233990912,0.0,366443421.09480864,0.0,4500.000000000002,250891.23321400577,25536429.846109997,27999.001448444607,2751925.021885337,0.0,0.0,11365076.061318615,0.0,0.0,4875158257019.843,8785224728860.007,8825535200000.0,8815095200000.0,0.0,8814761643703.406,0.0,38685601226.70912,8815095200000.0,3093446107666.28,8815095200000.0,8815095200000.0,0.0,0.0,529928289251.888,0.0,123308373524.0,759922.0,44900.0,29747.0,15153.0,74647.0,2650.735746920089,1924.3443039123745,3257.532962227704,3293.000911023257,"Cape Coral-Fort Myers, FL",15980.0,3.1,3.0,3.1,3.0,2.9,2.7,2.6,2.5,2.4,2.3,2.3,2.3,2.3,2.4,2.3,2.3,2.2,2.3,2.3,2.3,2.4,2.9,3.1,3.4,3.9,5.3,5.0,4.6,3.2,1.8,1.9,2.3,2.8,3.4,3.7,4.1,4.3,4.4,4.4,4.2,4.4,5.4,6.5
16020,"Cape Girardeau, MO-IL",Missouri,0.0,0.0,0.0,7819501.598416689,12937.628804320717,3557612.871119852,662.9795337921397,265820.89475418435,52199.99999999539,581025.2981329563,5059479.982556406,305022.65234227595,2605254.028791701,0.0,0.0,5212.940026129101,269117.73440254934,0.0,0.0,0.0,13655541.8,271829.0160629376,576.6059221218313,79368.96202134991,30351.33214446057,114000.00000000028,9090.157214962206,881967.7745034317,1225147.443495512,2991838.721584458,0.0,0.0,52368.41589388496,661684.594659185,0.0,0.0,0.0,1131197200000.0,1130582400000.0,1130581794895.86,1129693627032.7366,1130473356346.8325,532131447940.6225,1130582400000.0,51839273018.73173,1130582400000.0,1130582400000.0,0.0,0.0,65006937063.7097,1130581794895.86,21229223559.0,97464.0,6603.0,5979.0,624.0,12582.0,924.7924091383968,746.3196366169122,1210.3193793375367,1166.693190174692,"Cape Girardeau, MO-IL",16020.0,3.8,3.6,3.4,3.5,3.5,3.5,3.5,3.5,3.4,3.2,3.2,3.1,3.1,3.1,3.3,3.2,3.3,3.2,3.2,3.1,3.1,3.3,3.3,3.4,3.5,3.6,3.6,3.6,3.5,3.5,3.5,3.4,3.5,3.4,3.1,2.9,2.9,3.0,2.8,2.9,3.0,3.1,3.3
16060,"Carbondale-Marion, IL",Illinois,0.0,0.0,0.0,9693310.858552655,7269.825861686073,2997424.948392927,1095.139613886407,54468.09908125491,34800.00000000015,517387.5319451176,1444648.9107994433,555164.6373010459,3486985.635778814,0.0,0.0,263.6667376991229,129015.40112167688,0.0,0.0,0.0,17473532.7,897661.5555513287,5316.776001462325,140056.7078984478,95996.64060162708,9000.000000000007,16032.71958912932,246941.4526517847,3912586.8304902622,1673881.8096714332,0.0,0.0,3763.932228671384,191814.71031704432,0.0,0.0,0.0,1393473200000.0,1392150800000.0,1392150708624.3638,1391434113025.5615,1390466326664.2524,175396667861.5559,1392150800000.0,42012330290.78853,1392150800000.0,1392150800000.0,0.0,0.0,17951719878.05176,1392150708624.364,26317136896.0,120013.0,11249.0,8689.0,2560.0,19938.0,1027.8501836357282,1035.6630726254557,1482.2213060133768,1435.82554650626,"Carbondale-Marion, IL",16060.0,2.7,2.6,2.3,2.2,2.1,2.1,2.1,2.2,2.3,2.3,2.2,2.2,2.3,2.3,2.3,2.3,2.3,2.3,2.3,2.2,2.3,2.4,2.4,2.3,2.4,2.5,2.5,2.4,2.3,2.3,2.2,2.2,2.2,2.1,2.2,2.3,2.4,2.5,2.6,2.5,2.5,2.7,3.1
16180,"Carson City, NV",Nevada,104017.0608,0.0,0.0,12005095.278236272,18370.761549355204,16281.30000787501,0.0,0.0,17399.99999999986,188572.33210889497,41930.61048535196,6121.821015258784,670.6718652156342,0.0,0.0,15089.577171840005,41700.85610479927,237.419035,0.0,0.0,21377113.2,219.8590377210588,18.927000134033342,0.0,0.0,4500.0,2074.546070186052,133538.16355690523,7592.555364435741,2720.9345997397654,0.0,0.0,1060941.2275144225,1699.2176678198227,58000000.0,0.0,0.0,680212400000.0,679725200000.0,679724897560.392,0.0,0.0,180313050542.8917,679725200000.0,22019113885.5402,679725200000.0,679725200000.0,0.0,0.0,40392867197.829,679724897560.3921,10108119603.0,58597.0,5205.0,3887.0,1318.0,9092.0,787.9917512258615,753.6471322840683,1115.209845724113,1065.027229698847,"Carson City, NV",16180.0,3.6,3.8,3.9,3.7,3.5,3.3,3.3,3.1,3.0,3.0,3.2,3.4,3.6,3.6,3.7,3.7,3.7,3.6,3.6,3.4,3.5,3.7,4.0,4.4,5.3,6.5,6.7,6.1,5.2,4.5,4.0,3.4,3.3,3.8,4.4,4.8,5.1,5.3,5.5,5.6,5.7,6.2,7.1
16220,"Casper, WY",Wyoming,59730.09359402699,0.0,597775.0988060927,37121.054029110055,5182.9954852462415,0.0,0.0,121819.90266846104,17400.000000000196,127979.00984317593,30972.0325150374,1668.1101663588368,535946.1628336328,0.0,0.0,9369.542010260251,6755.3482246111935,158.2793566508387,0.0,4685.801175081041,331806.3,4715.977108098897,0.0,0.0,2182.897716149316,4500.000000000008,26410.223693915355,460531.8153131096,16826.120804365666,227142.1876530114,0.0,0.0,1719451.799127017,21157.489218707386,58000000.0,0.0,926492000000.0,927478000000.0,926492000000.0,0.0,0.0,926492000000.0,188793521306.08267,926492000000.0,21597105267.84799,926492000000.0,926492000000.0,0.0,0.0,119691384523.82434,926492000000.0,16577644337.0,79870.0,3138.0,4784.0,-1646.0,7922.0,533.5503725047898,956.523915017288,1090.52739534594,1100.2686035691468,"Casper, WY",16220.0,2.6,2.8,2.8,2.8,2.6,2.5,2.5,2.2,2.0,1.8,1.9,1.9,2.0,2.1,2.3,2.4,2.4,2.4,2.3,2.2,2.2,2.3,2.5,2.7,2.9,3.2,3.6,3.9,3.7,3.6,3.4,3.4,3.4,3.5,3.5,3.6,3.6,3.6,3.7,3.7,4.0,4.4,4.7
16300,"Cedar Rapids, IA",Iowa,0.0,0.0,289413.8492486698,68421.78697880509,826782.3571388886,22580.63018619221,47.867593589127694,21372.30474303702,54168.40245227072,831724.9517387258,673501.6282614076,2571995.7369590807,4591911.5787129775,0.0,0.0,7185.302903801536,387568.2726749359,0.0,0.0,1351.0104661082346,261174.1,2237433.179708355,88405.00345208093,13771.16429151212,180173.54629954736,124850.88402489324,32022.34790129845,32831651.75436957,5020345.325414714,12022713.140317775,0.0,0.0,98511.93652762633,12490.565559908086,0.0,0.0,3206727200000.0,3207632000000.0,3206727200000.0,3206727200000.0,3199147902826.9023,3205676287769.4893,687506998668.992,3206727200000.0,48286334498.79748,3206727200000.0,3206727200000.0,0.0,0.0,351546442138.8806,3206727200000.0,61398492717.0,276442.0,12602.0,11485.0,1117.0,24087.0,1260.5324271909867,1208.194520762282,1744.298712950279,1748.172188315556,"Cedar Rapids, IA",16300.0,1.9,1.8,1.7,1.8,1.7,1.7,1.7,1.7,1.6,1.7,1.8,1.8,2.1,2.2,2.2,2.2,2.3,2.3,2.3,2.2,2.4,2.4,2.5,2.5,2.6,2.6,2.6,2.6,2.5,2.5,2.6,2.4,2.5,2.5,2.5,2.5,2.5,2.4,2.5,2.5,2.5,2.6,2.8
16540,"Chambersburg-Waynesboro, PA",Pennsylvania,0.0,0.0,177227.4864972027,35968.624554025606,666.440773069362,463453.91159381456,108260.8147740622,24452.39665809037,17400.000000000087,794173.9065659409,553229.9733171089,804374.5264825881,286204.4052648311,0.0,0.0,2442.278536348085,104508.3825005492,0.0,0.0,468.4672887990798,150663.4,25612.80112269058,0.40765389358753,4619453.468275276,26001.900402039613,105000.00000000016,9886.159536107552,190252.73620101705,93791.70114366055,743281.669247984,0.0,0.0,26697.9187311342,57960.12674850089,0.0,0.0,1808389757424.2512,1808811200000.0,1808393600000.0,1808389757424.252,1808314595845.952,1807211673209.5293,519424470179.1158,1808393600000.0,35018875570.01425,1808393600000.0,1808393600000.0,0.0,0.0,400135715452.45447,1808389757424.252,31455170334.0,155896.0,5960.0,5402.0,558.0,11362.0,870.2597313446141,716.3783916339186,1138.9648809335606,1116.1079696875208,"Chambersburg-Waynesboro, PA",16540.0,2.2,2.1,2.1,2.1,2.1,2.1,2.1,2.3,2.4,2.4,2.3,2.4,2.5,2.5,2.5,2.4,2.3,2.3,2.3,2.3,2.3,2.4,2.5,2.6,2.9,3.2,3.7,3.6,3.6,3.3,3.3,3.0,2.9,2.9,2.9,2.9,2.7,2.7,2.8,2.9,2.9,3.1,3.5
16580,"Champaign-Urbana, IL",Illinois,0.0,0.0,1871469.250309046,904472.164070787,106127.2749146838,4130045.2502847207,978.0456076218968,225531.50379767545,17531.531685285077,149954.6726189358,417685.4615592541,1134442.0466620375,6003098.66217351,0.0,0.0,1899.261125027255,127296.26029397936,0.0,0.0,6228.766148709544,3316952.5,253331.13780408064,12959.703900083652,153145.0959104231,185973.6758148704,3656.498284151622,61866.94676391966,1688828.3879234954,1685636.5946043166,6951325.894371452,0.0,0.0,24036.355891646574,81191.87726306994,0.0,0.0,2737588400000.0,2738435200000.0,2737588400000.0,2737588400000.0,2730054938956.5327,2737588400000.0,3506306337.057016,2737588400000.0,25269408714.224163,2737588400000.0,2737588400000.0,0.0,0.0,314275699671.8129,2737588400000.0,47346905263.0,235999.0,21149.0,14181.0,6968.0,35330.0,1408.2737659986428,1138.6456867700329,1799.913609037945,1821.4689127185236,"Champaign-Urbana, IL",16580.0,3.0,3.1,2.8,2.7,2.6,2.5,2.5,2.6,2.6,2.5,2.4,2.3,2.3,2.4,2.4,2.5,2.5,2.5,2.6,2.4,2.5,2.6,2.8,3.0,3.1,3.3,3.3,3.2,3.2,3.2,3.3,3.1,3.2,2.9,2.8,2.8,2.8,2.9,2.8,2.7,2.8,3.1,3.3
16620,"Charleston, WV",West Virginia,0.0,0.0,284706.05923227884,121887.19789019124,87995.63187976523,197513.12914153343,12018.261182731463,16800.01694288133,209199.44924066105,845435.4842940536,5069895.825420252,301708.43425577617,230103.26976003175,0.0,0.0,27169.460959650867,71647.71330254262,0.0,0.0,607.1459374546153,446342.6,781712.8925558485,0.218490093041372,759267.8822917813,457650.6006093697,880673.7160870328,19701.16373281698,8564650.595496133,320571.0015613778,365711.2119543278,0.0,0.0,516560.7793084548,212127.7076358932,0.0,0.0,2440744400000.0,2443018000000.0,2440744400000.0,2440744400000.0,2436233977732.4434,2440275730350.176,1954609440210.2783,2440744400000.0,343974372613.6416,2440744400000.0,2440744400000.0,0.0,0.0,41366874305.57984,2440744400000.0,43392688778.0,210409.0,7264.0,9821.0,-2557.0,17085.0,949.1891276242052,1113.9667858603325,1468.8056372440842,1457.9468440241571,"Charleston, WV",16620.0,4.2,3.7,3.5,3.2,3.1,3.0,3.1,3.1,3.0,2.9,2.6,2.6,2.8,2.9,2.9,2.9,3.1,2.9,2.9,3.3,3.0,3.1,3.2,3.2,3.1,3.2,3.2,3.2,3.1,3.1,3.1,3.1,3.1,3.1,3.0,3.2,3.3,3.3,3.3,3.2,3.2,3.2,3.2
16700,"Charleston-North Charleston, SC",South Carolina,0.0,948212.8969849496,0.0,74555159.21051352,1009316.72266944,2298750.3595439345,27179262.80017156,354644.4324921176,53615.05005503849,3257367.9174810983,2310887.811324564,1692521.4094967043,6741022.043778922,0.0,0.0,469736.3849227995,493613.04798699095,0.0,422267.21891308326,0.0,119437273.2,3058.1248845261425,88297.64636031851,574749738.5956546,671368.5430685475,14355.287337631547,191355.69876726152,2133584.035972028,87127.70518794582,2868659.1509466683,0.0,0.0,5304519.512192305,17478.077092484375,0.0,3176008148018.29,0.0,9275777600000.0,9263945600000.0,9263944735950.451,9263487368968.088,9260727470551.195,327582285527.4142,9263945600000.0,1647223968167.1912,9263945600000.0,9263945600000.0,0.0,0.0,1067822155549.8676,9263944735950.451,149452626567.0,798616.0,44300.0,38119.0,6181.0,82419.0,2544.789185767654,2266.997573884895,3364.4540418914926,3450.119563145602,"Charleston-North Charleston, SC",16700.0,2.7,2.9,3.3,2.9,2.7,2.6,2.6,2.7,2.7,2.7,2.6,2.7,2.8,3.0,3.0,3.0,2.9,3.0,3.3,3.4,3.4,3.6,3.9,4.0,4.2,4.4,4.5,4.3,4.1,3.9,4.1,4.0,4.1,4.2,4.2,4.3,4.3,4.4,4.3,4.3,4.5,5.2,5.8
16740,"Charlotte-Concord-Gastonia, NC-SC",North Carolina,0.0,0.0,0.0,2534940.826199921,1576876.97718644,2846141.657750531,443250.7784537117,2304573.615936783,181506.50784347043,4797980.3401740445,3146226.231792868,14453192.878047582,54266839.29699222,0.0,0.0,242129.92457709947,331252.54487440817,0.0,0.0,0.0,14851354.5,3043980.621544722,18444.498196001863,37387469.96360498,17251877.946951214,832781.9658877887,1048899.82036029,2107794.803017629,2909000.534059788,38548955.56385492,0.0,0.0,692138.1155149398,136247.54832920188,0.0,0.0,0.0,30603978400000.0,30576161600000.0,30576161600000.0,30573608776937.902,30574762656043.07,6772392956178.188,30576161600000.0,297535664082.3442,30576161600000.0,30576161600000.0,0.0,0.0,10257234985393.75,30576161600000.0,514001483486.0,2635876.0,112771.0,99181.0,13590.0,211952.0,4367.400485414636,3858.638360872913,5815.063886149489,5839.69040275253,"Charlotte-Concord-Gastonia, NC-SC",16740.0,2.1,2.1,2.1,2.0,2.1,2.1,2.1,2.1,2.1,2.2,2.2,2.4,2.3,2.3,2.2,2.1,2.2,2.3,2.3,2.3,2.3,2.3,2.4,2.5,2.7,2.8,2.9,2.9,2.8,2.8,2.8,2.9,3.0,3.2,3.5,3.4,3.5,3.7,3.9,4.0,4.4,5.1,5.7
16820,"Charlottesville, VA",Virginia,0.0,0.0,95983.2217460817,157346.57807531452,75209.32285255371,414835.15340032254,176368.69967470065,1027.4570438434566,104400.00000000016,1280618.480871935,670694.9778230836,2335371.696406892,951091.8664988248,0.0,0.0,5587.730124912759,128871.14397907734,0.0,0.0,446.2951804769816,730052.0,62535.44939751413,0.3750554243945539,7668346.047519356,424392.2875876625,127499.9999999998,38559.32926802716,452186.32271546125,593805.7371451644,1411435.5426808032,0.0,0.0,479887.8745944031,24001.13955798492,0.0,0.0,2256112934304.9907,2764836800000.0,2761090000000.0,2761086308282.484,2761086308282.484,2760671267634.15,1421994268941.2832,2761090000000.0,25628326312.886936,2761090000000.0,2761090000000.0,0.0,0.0,113233632977.25212,2761086308282.484,49830869374.0,238025.0,16530.0,15360.0,1170.0,31890.0,1260.3745475056214,1297.1538073798342,1804.1344184954733,1812.753706381537,"Charlottesville, VA",16820.0,4.1,3.9,3.5,3.5,3.4,3.2,3.2,3.2,3.3,3.3,3.3,3.3,3.3,3.4,3.3,3.4,3.3,3.2,3.2,3.2,3.3,3.5,3.8,4.0,4.4,5.0,5.4,5.4,5.2,5.1,4.9,4.7,4.6,4.6,4.6,4.7,4.6,4.5,4.3,4.3,4.3,4.7,5.3
16860,"Chattanooga, TN-GA",Georgia,0.0,0.0,410951.44025413226,3171330.4095392283,159298.1868919064,0.0,11758.91137262422,66944.9752226533,124780.35134603694,1843737.918026985,1885808.6692842075,3526905.5218515988,30789806.67556635,0.0,0.0,1363.5465157636577,853161.0601101208,0.0,0.0,2065.777102159964,11768249.6,350900.8462777311,0.0,722466.1141633976,1008661.7763563404,258023.69328422035,219162.8211814825,7646109.552242933,965824.2815693518,16088237.7988127,0.0,0.0,39456.09421527893,19540.075485686502,0.0,0.0,2275746000000.0,6526705200000.0,6520197600000.0,0.0,6445424159556.83,6518642076935.436,3286770571317.366,6520197600000.0,247292758005.9844,6520197600000.0,6520197600000.0,0.0,0.0,269521573250.3034,6520197533613.316,97440220866.0,562086.0,25921.0,21086.0,4835.0,47007.0,2039.771065585548,1664.3025566284514,2671.34591545161,2594.24979522019,"Chattanooga, TN-GA",16860.0,2.8,2.9,2.9,2.9,2.8,2.8,2.8,2.8,2.7,2.6,2.6,2.6,2.6,2.5,2.5,2.6,2.7,2.7,2.7,2.6,2.6,2.8,2.9,3.0,3.2,3.3,3.3,3.0,3.0,2.9,2.9,2.8,2.9,2.9,2.9,3.3,3.4,3.5,3.5,3.4,3.7,4.1,4.7
16940,"Cheyenne, WY",Wyoming,0.0,0.0,3675995.287204775,29945.06712047545,544534.2488716898,0.0,0.0,170106.3999838035,17400.000000000935,1071580.8663689045,978458.1484038392,465041.6223505791,4679932.612276889,0.0,0.0,54225.954385462486,512218.7853274627,0.0,0.0,6023.758073371215,146446.2,3813756.744168368,0.0,0.0,1469.401083927112,4499.999999999979,28768.814249044208,9176.481101660307,22303.18838880772,1664404.0268111867,0.0,0.0,609636.9010309865,36266.08181294052,0.0,0.0,1165602800000.0,1165939200000.0,1165602800000.0,0.0,0.0,1160458547975.8247,88842330469.76833,1165602800000.0,16537724757.843424,1165602800000.0,1165602800000.0,0.0,0.0,89994333906.88847,1165602800000.0,18263730127.0,100483.0,7085.0,6472.0,613.0,13557.0,1096.484838016468,1028.8790016323592,1479.427592009829,1526.0635635516628,"Cheyenne, WY",16940.0,2.8,2.7,2.7,2.7,2.8,2.7,2.8,2.7,2.7,2.5,2.4,2.4,2.4,2.4,2.5,2.7,2.7,2.7,2.7,2.6,2.6,2.8,2.9,3.1,3.4,3.6,3.7,3.6,3.6,3.7,3.5,3.4,3.4,3.5,3.5,3.7,3.6,3.7,3.8,3.9,4.2,5.2,5.8
16980,"Chicago-Naperville-Elgin, IL-IN-WI",Illinois,0.0,769.5628172294519,105371316.0754422,6515934.099637286,639920.2975153846,177348906.5284617,3414.984412745223,1355274.0344307164,226023.91219343248,9966708.341554752,15484875.065658312,42275429.43308099,365151154.4682778,0.0,0.0,67251.17091295839,4057461.315292638,0.0,133709.40108394335,56037.878941921146,27539549.4,14154415.991522318,107025.39972239544,1152721.3301241938,1440561.500804119,892870.4641996318,1310471.3385635675,37756730.89493301,12844574.751162454,230502022.3689512,0.0,0.0,980714.281484616,248772.55190568184,0.0,34370614384.753334,110697699112637.66,111574623200000.0,111511542400000.0,110693380004755.92,111488077925045.8,111080193646677.64,5429569248742.163,111511542400000.0,1669892692293.0183,111511542400000.0,111511542400000.0,0.0,0.0,1811940232131.258,111511542400000.0,1919908887751.0,9613064.0,174938.0,281352.0,-106414.0,456290.0,4749.206144188732,5947.309643864191,7639.572370231202,7581.998812978013,"Chicago-Naperville-Elgin, IL-IN-WI",16980.0,2.5,2.6,2.4,2.4,2.4,2.4,2.5,2.6,2.7,2.8,3.0,3.2,3.3,3.4,3.3,3.3,3.3,3.2,3.2,3.1,3.2,3.6,4.0,4.3,4.6,4.8,4.8,4.6,4.1,3.4,3.3,3.0,3.0,3.1,3.3,3.4,3.5,3.6,3.6,3.5,3.7,4.2,4.3
17020,"Chico, CA",California,0.0,0.0,0.0,11701087.216929704,34759.5526820763,637176.6862481689,0.0,0.0,72348.75495070837,243282.64250252,6233.584678298772,8007.95711271687,85755.30113909711,0.0,95360.45412717311,708146.6156794352,7651.5666581012765,0.0,0.0,0.0,32694472.4,57.33658864950507,299.8587633099234,0.0,0.0,462049.6058722268,11186.911677989296,15720987.602228891,12017.268261150804,265375.7793262867,0.0,762180.4909787868,13286252.828370804,62.5530285504241,0.0,0.0,0.0,2454931200000.0,2453284000000.0,2453284000000.0,0.0,0.0,321942330908.26746,2453284000000.0,139178336993.52377,2453284000000.0,2453284000000.0,0.0,1649333045108.4192,314851361644.1361,2453284000000.0,42515209025.0,211490.0,14078.0,14444.0,-366.0,28522.0,1280.3058228407774,1353.9265120382272,1880.2401442369005,1845.386138454497,"Chico, CA",17020.0,3.7,3.8,3.8,3.8,3.6,3.5,3.6,3.6,4.0,4.4,4.7,4.9,4.9,4.7,4.7,4.5,4.3,4.1,3.9,3.9,4.1,4.5,5.3,6.3,7.2,8.3,8.1,7.5,6.6,5.9,5.7,4.9,5.1,5.7,5.3,5.7,5.9,6.2,6.1,6.6,6.6,6.7,6.5
17140,"Cincinnati, OH-KY-IN",Kentucky,0.0,0.0,1947163.8385275127,2942105.3619082165,175406.97393018496,5388867.336084796,3813.091184622013,1185945.735180322,518862.16696675326,3891495.799892846,7802540.598948996,8444126.70482547,51562116.36375784,0.0,0.0,104115.95334454165,1709919.0778733827,0.0,0.0,26583.089980555054,10293197.0,1420363.6753164544,89045.50039797845,555625.4640760904,568742.0765258741,1873940.5570850973,298893.40897437965,6758298.955121774,12510512.228012012,67339093.2043219,0.0,0.0,698862.5137730767,652087.8856289673,0.0,0.0,25908402722551.668,25915548400000.0,25908437600000.0,25908402722551.67,25730487434506.05,25905543742843.62,7650853286228.679,25908437600000.0,403807367210.0252,25908437600000.0,25908437600000.0,0.0,0.0,6312682437882.719,25908402722551.67,410955854491.0,2233486.0,70827.0,70029.0,798.0,140856.0,2941.0304316684656,2819.3786549521865,4038.350901048595,4109.529778453978,"Cincinnati, OH-KY-IN",17140.0,2.7,2.7,2.6,2.6,2.5,2.4,2.4,2.4,2.4,2.5,2.6,2.6,2.7,2.7,2.8,2.7,2.7,2.7,2.7,2.7,2.8,2.8,2.8,2.9,2.9,2.9,2.8,2.7,2.4,2.3,2.5,2.3,2.4,2.5,2.5,2.5,2.6,2.6,2.8,2.8,3.1,3.5,3.8
17300,"Clarksville, TN-KY",Kentucky,0.0,0.0,273493.626424492,6375629.091219386,16247.326228303946,1818954.7453107715,1255.0024029463184,128480.359360256,52200.000000000735,1327880.2614567378,980035.3228466248,920250.4617663856,9831865.642650831,0.0,0.0,6347.335306520703,524740.9740707,0.0,0.0,1047.1962058187703,12251078.5,67322.54239504598,23685.26244167895,83752.63152544889,1492202.853440964,114000.00000000016,87207.00835004683,2763004.982688028,1372393.6249898206,6960760.131924761,0.0,0.0,52253.880669859085,124567.33746606432,0.0,0.0,2552475600000.0,3559784800000.0,3558648000000.0,3558648000000.0,3538489174867.3794,3558452259596.332,1042787318559.8368,3558648000000.0,41243959713.51271,3558648000000.0,3558648000000.0,0.0,0.0,910852043364.0432,3558648000000.0,45389084472.0,306780.0,26906.0,25667.0,1239.0,52573.0,2149.189382069435,2047.9299304419571,2962.3831622529856,2975.5043270007186,"Clarksville, TN-KY",17300.0,3.3,3.3,3.0,3.0,2.8,2.9,2.8,2.8,2.7,2.6,2.5,2.4,2.4,2.3,2.3,2.4,2.4,2.5,2.5,2.5,2.5,2.6,2.6,2.7,2.7,2.8,2.8,2.9,3.0,3.1,3.1,3.1,3.1,3.0,3.1,3.2,3.1,3.2,3.5,3.5,3.6,4.0,5.1
17420,"Cleveland, TN",Tennessee,0.0,0.0,16200.85530915662,1219271.737833543,59483.65602645426,0.0,5440.141212817079,8566.668458120042,34800.00000000017,524296.3878619198,284215.38497837743,322051.65487001976,4493972.498053236,0.0,0.0,53.26104232635006,128344.6351035009,0.0,0.0,111.81066907495686,3465285.2,265257.68891597155,0.0,320928.78067479824,201353.34420847407,109500.00000000007,77827.32683837696,1196279.1317636496,258251.89274174825,2593094.870259754,0.0,0.0,6014.146517257228,3708.045218796915,0.0,0.0,60412627500.228,1463502400000.0,1461750800000.0,0.0,1461750627500.228,1461696697260.6616,794726293552.4613,1461750800000.0,26294868273.307697,1461750800000.0,1461750800000.0,0.0,0.0,71475145715.03357,1461750627500.228,20482335741.0,126013.0,6126.0,7139.0,-1013.0,13265.0,733.2087015304714,1200.004166659433,1408.8239776494436,1403.3078778372194,"Cleveland, TN",17420.0,2.9,2.8,2.6,2.6,2.4,2.5,2.5,2.5,2.5,2.4,2.4,2.3,2.4,2.4,2.5,2.5,2.6,2.7,2.8,2.8,2.9,3.1,3.3,3.3,3.4,3.6,3.9,4.0,4.0,4.0,3.8,3.7,3.5,3.5,3.5,3.6,3.6,3.6,3.6,3.7,3.8,4.1,5.0
17460,"Cleveland-Elyria, OH",Ohio,0.0,738.7026049484905,4127663.598786796,536514.7203374146,219225.76186602036,2671261.067851237,13493.583636466386,14414.061107642608,90265.68042266033,2102054.421922178,2628955.309336097,2095257.3377067964,18715478.216291424,0.0,0.0,28779.894358895406,357991.56861444,0.0,129068.67850816934,58090.05558326104,2208995.5,461467.5057000995,8485.270141116001,2013956.3023154775,1304567.202377084,292651.53148418374,167534.88350342665,9977450.062068816,3253568.0127793127,26886991.673934944,0.0,0.0,344948.9243588652,3915145.1742181,0.0,37263127956.84957,24215034800000.0,24223711600000.0,24215034800000.0,24215034800000.0,24142182813413.24,24050601512887.32,3340196038319.1514,24215034800000.0,158109798135.84024,24215034800000.0,24215034800000.0,0.0,0.0,4756701019339.516,24215034800000.0,414378999815.0,2087503.0,53186.0,66603.0,-13417.0,119789.0,2253.7435524034227,2764.103652180938,3539.4621060268464,3593.205671820081,"Cleveland-Elyria, OH",17460.0,2.6,2.6,2.4,2.4,2.3,2.3,2.3,2.4,2.4,2.4,2.6,2.7,2.8,2.8,2.8,2.9,3.0,3.0,3.0,2.9,2.9,3.1,3.1,3.1,3.1,3.1,2.9,2.7,2.2,2.1,2.5,2.2,2.2,2.4,2.4,2.4,2.5,2.6,2.7,2.8,3.0,3.2,3.4
17660,"Coeur d'Alene, ID",Idaho,200060.0235,0.0,4092860.9966809466,196875.74232048736,27665.79694583616,820822.6523015149,0.0,356029.99983035715,25315.578261421226,85183.48191165007,2352.653857020207,52176.45142768448,194201.65337278912,0.0,0.0,26.94960174746651,67747.65104053568,132.305305,0.0,3872.4755090190656,1323609.5,33727.8186436925,18325.953049539818,0.0,26023.6534042122,184679.60677809827,22052.9173556958,341695.2555252378,47649.62159561672,78397.05855016258,0.0,0.0,72382.43295053196,7256.31834261719,58000000.0,0.0,1986511600000.0,1987799200000.0,1986511600000.0,1986511600000.0,0.0,1986242983999.9844,535420099968.0839,1986511600000.0,26667696205.02177,1986511600000.0,1986511600000.0,0.0,0.0,128390698422.61032,1986511600000.0,34998168938.0,171251.0,10236.0,8546.0,1690.0,18782.0,1328.19501580152,1050.4170600290154,1634.003059972655,1750.0691414912726,"Coeur d'Alene, ID",17660.0,3.3,3.6,3.4,3.3,3.1,3.1,3.0,2.8,2.6,2.5,2.4,2.5,2.7,2.9,3.1,3.2,3.2,3.1,3.2,3.1,3.2,3.3,3.4,3.5,4.0,5.1,5.8,5.5,5.0,4.9,4.7,4.4,4.0,4.0,4.0,4.2,4.4,4.8,5.3,5.5,5.8,7.3,8.7
17780,"College Station-Bryan, TX",Texas,0.0,0.0,737105.928490116,34327.55493883257,202214.86947764672,116013.69356729568,171613.39409000726,113009.85811732436,41721.40875921396,206167.49255535935,3275769.5526756,586835.537430133,10708598.832499277,0.0,0.0,12141.102737037983,602417.1946207072,0.0,0.0,7254.405249504701,114268.0,1441562.4901165515,127.22610732735052,5834168.815596447,47576.03425311535,9802.416780449566,12753.77200004131,498945.5277260208,314441.25588643755,3653439.6315554334,0.0,0.0,230003.60522042308,10159.57387445043,0.0,0.0,3107731857132.164,3111676800000.0,3107732800000.0,193963600000.0,3106707799243.6226,3107731857132.164,14205367275.987202,3107732800000.0,78440108479.94717,3107732800000.0,3107732800000.0,0.0,0.0,163785188765.71225,3107731857132.164,41802335485.0,267908.0,27711.0,22846.0,4865.0,50557.0,1623.7139526406738,1836.33166938873,2432.589566696364,2468.7756074621284,"College Station-Bryan, TX",17780.0,4.3,4.3,4.4,4.3,4.3,4.3,4.3,4.0,3.6,3.4,3.3,3.4,3.5,3.5,3.6,3.5,3.5,3.3,3.3,3.3,3.3,3.5,3.6,3.7,3.8,3.8,3.7,3.7,3.9,4.1,4.1,3.9,3.8,3.7,3.8,4.0,4.1,4.3,4.2,4.1,4.3,5.1,6.0
17820,"Colorado Springs, CO",Colorado,73839.04368,0.0,2824755.6055574706,96750.00000781368,351364.3236236608,0.0,0.0,136764.63483973956,85282.60852127617,9258239.959734492,1500431.6628476393,776018.0797179723,13658292.957993766,0.0,0.0,53402.46634777355,110378.2514188219,94.967614,0.0,8047.622696278003,535414.0,18796787.15448819,0.0,0.0,359107.98195899365,443720.5873105223,129531.1674504236,2561603.857068383,826528.7910450208,9529748.17546478,0.0,0.0,21626241.550189853,48840.91072811702,116000000.0,0.0,8750506400000.0,8759218000000.0,8750506400000.0,0.0,0.0,8750506400000.0,1163638007732.1128,8750506400000.0,79143142180.84602,8750506400000.0,8750506400000.0,0.0,0.0,1479767130529.4685,8750506400000.0,110673653017.0,754354.0,65128.0,59485.0,5643.0,124613.0,3323.10863499826,3170.2083527743093,4552.805069405014,4632.275682642387,"Colorado Springs, CO",17820.0,3.4,3.2,3.4,3.2,3.1,3.0,3.1,2.9,2.8,2.7,2.6,2.6,2.6,2.7,2.9,3.0,3.2,3.1,3.1,3.1,3.2,3.4,3.5,3.6,3.7,4.0,4.1,3.9,3.6,3.4,3.6,3.5,3.6,3.8,3.7,3.9,4.0,4.3,4.5,4.5,4.8,5.4,5.6
17860,"Columbia, MO",Missouri,0.0,0.0,756031.6978964336,813229.6891353047,401263.1665653922,4876545.823514599,190.59983613408608,1194888.9258620564,17399.999999999935,646804.4242276931,339224.37720587425,1563299.776529526,7367521.275923028,0.0,0.0,324.51163446685666,88529.38076843337,0.0,0.0,179.6289099767532,2488856.8,373697.7526094866,146583.7877842964,30876.19180511364,5760598.32803398,104999.9999999995,69521.77265643305,26370.13105261745,15110.0998159421,2416897.475163768,0.0,0.0,59292.8689110874,67825.56622308392,0.0,0.0,2127266000000.0,2129876000000.0,2127266000000.0,2127266000000.0,2104099223017.537,2126961928867.1304,594983469310.0311,2127266000000.0,23714167561.501743,2127266000000.0,2127266000000.0,0.0,0.0,307192440343.0062,2127266000000.0,38300085498.0,183385.0,16440.0,14973.0,1467.0,31413.0,1427.414796056143,1322.8352127154765,1982.2083644259,1908.2594163268263,"Columbia, MO",17860.0,3.5,3.4,3.2,3.1,3.1,3.1,3.1,3.1,3.0,2.9,2.8,2.8,2.7,2.7,2.9,3.0,3.0,2.9,2.9,2.9,2.9,3.0,3.1,3.1,3.3,3.5,3.5,3.3,3.2,3.3,3.3,3.4,3.3,3.2,3.2,3.3,3.3,3.3,3.4,3.5,3.7,4.1,4.6
17900,"Columbia, SC",South Carolina,0.0,0.0,0.0,3687905.254493195,386782.9513820114,2538271.903647059,1022528.6399741244,920128.3529414964,104400.00000000208,1935957.80409285,5313035.278367829,6340924.42542018,22164151.53999016,0.0,0.0,17327.31363641874,4370.579654256606,0.0,0.0,0.0,12120643.8,224795.2005236126,27191.68630805557,42652070.252245694,10099164.929071438,228000.00000000023,637620.1001032919,3104593.53204096,1549144.890766346,14899890.41944526,0.0,0.0,174530.82927167593,20822.79077268476,0.0,0.0,0.0,9621852000000.0,9614103200000.0,9614103200000.0,9613652967381.29,9605462682877.848,1550599412607.0933,9614103200000.0,180105001523.90643,9614103200000.0,9614103200000.0,0.0,0.0,1178359880308.3647,9614103200000.0,161380928662.0,828802.0,57009.0,38222.0,18787.0,95231.0,3179.42038742913,2488.815581757716,4035.602928931438,4040.30803281136,"Columbia, SC",17900.0,2.9,2.9,2.8,2.7,2.6,2.6,2.6,2.5,2.5,2.5,2.5,2.6,2.7,2.7,2.6,2.7,2.6,2.6,2.7,2.7,2.7,2.7,2.9,2.9,2.9,3.1,3.1,3.1,3.0,2.9,3.1,3.0,3.0,3.0,3.0,3.0,3.1,3.0,3.1,3.3,3.5,4.0,4.7
17980,"Columbus, GA-AL",Georgia,0.0,0.0,0.0,243977.7326713692,349322.4618845987,1174597.8151006787,120048.9691434834,28143.163348541624,89442.7337881287,889438.6197454305,603551.6304637706,363883.8336780898,2043098.028777884,0.0,0.0,7702.42063547673,162051.97346616077,0.0,0.0,0.0,942881.8,864156.0957876791,5581.808584771932,4794405.535166658,183864.51426876916,134765.42083315703,62567.51339054007,119200.38745200884,137821.23457510502,2163355.9244387373,0.0,0.0,58725.715798276775,15221.10312311492,0.0,0.0,0.0,3686897600000.0,3679438800000.0,3679438775909.7,3665038726819.826,3679208312387.127,1005869437162.9445,3679438800000.0,67548838102.83383,3679438800000.0,3679438800000.0,0.0,0.0,419430143428.9465,3679438775909.7,50361918449.0,317193.0,25781.0,23219.0,2562.0,49000.0,1824.8701323655885,1818.1438336941333,2604.960844235475,2547.5882712871794,"Columbus, GA-AL",17980.0,2.9,3.0,2.9,2.9,2.8,2.8,2.8,2.8,2.7,2.6,2.7,2.7,2.8,2.8,2.8,2.8,2.8,2.7,2.6,2.7,2.7,2.9,3.0,3.1,3.3,3.5,3.6,3.6,3.6,3.7,3.4,3.2,3.1,3.1,3.4,3.6,3.8,3.7,3.5,3.6,3.7,3.9,4.7
18020,"Columbus, IN",Indiana,0.0,0.0,23861.925304965323,283345.28104020044,1455.5726480846429,54899.56723876569,207.5961940977297,65444.76035415293,17400.00000000107,54067.218561139096,603511.1667760512,1560967.10378853,2255859.976066624,0.0,0.0,3880.4711365380726,18029.23641366977,0.0,0.0,1277.9648438752915,1498092.2,230.51505995440448,3708.2240507354295,26051.20859169783,384.64530755414006,4500.00000000001,38954.25962243956,5828065.302293563,119141.9405768928,3764309.147520913,0.0,0.0,38319.75341539495,2698.386748088736,0.0,0.0,953056000000.0,953612800000.0,953056000000.0,953056000000.0,952326669492.2932,952785884393.6002,83478055932.82915,953056000000.0,52785147219.77908,953056000000.0,953056000000.0,0.0,0.0,107934148843.02768,953056000000.0,17712101523.0,82160.0,4533.0,4597.0,-64.0,9130.0,743.3242899300412,823.2939936620454,1114.4832883448723,1104.1095960093817,"Columbus, IN",18020.0,2.3,2.4,2.2,2.0,1.9,1.8,1.9,1.9,1.9,1.9,2.0,2.0,2.1,2.1,2.2,2.3,2.4,2.4,2.4,2.4,2.4,2.4,2.4,2.4,2.4,2.4,2.4,2.3,2.3,2.4,2.4,2.4,2.3,2.3,2.3,2.4,2.3,2.3,2.2,2.2,2.3,2.5,2.9
18140,"Columbus, OH",Ohio,0.0,0.0,2495571.453711644,1626907.808507227,127562.12154521565,5449108.044358111,5039.009644482531,282838.30258218106,195069.72655242856,3605233.6635457855,12053443.750045797,1497622.8582940062,13276005.421537437,0.0,0.0,19404.477076940333,876344.6092772754,0.0,0.0,37572.5547068393,5766142.699999999,13496976.105557678,4436.911996094068,768848.9679054026,5807374.574399782,601394.4049117586,124591.66225393224,2050773.8028555072,7100453.053911533,29598045.315524552,0.0,0.0,222863.57339177272,1066327.2280807972,0.0,0.0,24786937636813.164,24811541600000.0,24786938000000.0,24786937636813.168,24692389698991.625,24752660651936.914,2627422821369.368,24786938000000.0,487340594581.51306,24786938000000.0,24786938000000.0,0.0,0.0,1717621474874.8115,24786937636813.164,412465907288.0,2136805.0,79540.0,76321.0,3219.0,155861.0,3506.9180201424724,3113.659101443188,4682.690359184558,4696.134261283423,"Columbus, OH",18140.0,2.7,2.7,2.7,2.5,2.5,2.4,2.4,2.4,2.5,2.6,2.6,2.6,2.8,2.7,2.7,2.7,2.8,2.9,2.9,2.8,2.8,2.9,3.0,3.0,3.0,3.1,2.9,2.8,2.6,2.5,2.6,2.4,2.5,2.6,2.7,2.8,2.9,3.0,3.1,3.2,3.5,3.8,4.1
18580,"Corpus Christi, TX",Texas,0.0,39984.12934316001,7285784.048260321,10527.026359373602,217073.5013360913,11831376.540397497,7380654.040103969,455351.86377460574,7783.775048137488,714081.1436115052,2180322.552281955,505916.6570800156,10871601.603433192,0.0,0.0,2372.04496761658,362833.66302199336,0.0,18969153.90186895,32835.73295598978,34670.200000000004,225950.89162056305,477.1119900556843,132386162.1829116,129023.74049152803,6044.78364039014,94187.29829218288,851144.771067397,1054177.9466106957,2847167.361541048,0.0,0.0,360909.100046344,17671.561919538013,0.0,538035544238.53534,5156261421719.224,5170850800000.0,5161756400000.0,4092841106029.762,5160677851621.194,5157661752657.978,1556755009.6274974,5161756400000.0,120878756083.16426,5161756400000.0,5161756400000.0,0.0,0.0,199994941915.3764,5156261421719.224,71949332631.0,444979.0,20918.0,19818.0,1100.0,40736.0,2065.8119469109474,1810.5645528398045,2776.05637550825,2718.594857642455,"Corpus Christi, TX",18580.0,3.4,3.1,3.4,3.4,3.2,3.2,3.3,3.1,2.8,2.6,2.4,2.4,2.4,2.4,2.5,2.5,2.5,2.5,2.5,2.4,2.4,2.5,2.6,2.8,3.0,3.3,3.4,3.3,3.2,3.1,3.1,3.0,3.0,3.0,3.4,3.5,3.6,3.5,3.6,3.6,3.9,4.2,4.4
18700,"Corvallis, OR",Oregon,0.0,0.0,0.0,15623879.299278824,4405.515453644013,940825.8352975176,0.0,324058.7333640534,545211.6468583208,11984.544571202876,128217.50379835557,18915.963231951275,39604.92444438708,0.0,0.0,142.858740981541,94365.72175632697,0.0,0.0,0.0,24772427.2,155.78176209833535,21712.92439339937,0.0,29840.24629989965,172064.84757422417,771.2162256774781,2369709.1503346,16999.13086314937,69510.98905092865,0.0,0.0,7079.060980549496,1542.4762631528672,0.0,0.0,0.0,1104134400000.0,1099761200000.0,1099761200000.0,0.0,1099622307235.6863,293418832125.8472,1099761200000.0,75846864473.83995,1099761200000.0,1099761200000.0,0.0,0.0,105325497707.27612,1099761200000.0,20216923511.0,94807.0,11717.0,10678.0,1039.0,22395.0,1013.9161701048072,1209.6747496744736,1597.3365331075352,1557.8902400361844,"Corvallis, OR",18700.0,3.8,3.4,3.2,3.1,2.9,2.7,2.6,2.5,2.4,2.5,2.7,2.9,3.2,3.5,3.8,3.9,3.9,3.9,3.9,3.9,4.0,4.2,4.4,4.4,4.7,5.1,5.6,5.8,5.8,5.7,5.6,5.2,5.2,5.3,5.5,5.7,6.0,6.1,6.0,6.2,6.4,7.6,9.1
18880,"Crestview-Fort Walton Beach-Destin, FL",Florida,0.0,40652.26450626917,0.0,138652.9336563224,99013.13680631146,224980.270066776,8006998.822271356,5862.092112874554,34799.999999998865,5432505.564571738,1104612.5819130016,233792.1641847857,9099934.823618226,0.0,0.0,64682.43088611789,59510.287571477376,0.0,45233.87519024837,0.0,416733.9,22032.115150790905,18135.181981194797,217143311.36765188,48.48651291711059,8999.999999999996,166639.51564004645,2822795.549841012,314439.6400996911,4991927.76995508,0.0,0.0,1217703.7604418662,17206.666215768113,0.0,433203567422.5855,0.0,3328886800000.0,3323446400000.0,3323446400000.0,3323441724634.915,3323446400000.0,137443012428.33167,3323446400000.0,256833997723.09875,3323446400000.0,3323446400000.0,0.0,0.0,168754163659.11633,2864980072088.6235,55181244249.0,286504.0,25116.0,24703.0,413.0,49819.0,2014.318495173988,2458.417173711573,3215.512867335474,3140.2483978182363,"Crestview-Fort Walton Beach-Destin, FL",18880.0,4.3,4.0,4.0,3.9,3.7,3.6,3.5,3.4,3.4,3.3,3.3,3.2,3.3,3.4,3.4,3.4,3.4,3.4,3.3,3.3,3.3,3.4,3.5,3.7,4.3,5.5,5.7,5.2,4.6,4.3,4.1,3.9,3.6,3.6,3.4,4.3,4.4,4.4,4.5,4.4,5.1,5.7,6.2
19060,"Cumberland, MD-WV",Maryland,0.0,0.0,284378.07896756404,9508.51481278886,339.9502920324935,317428.4713254207,18321.40447732792,10992.37046377124,61735.230767731,103333.6461309291,403553.18652514776,386087.5509655448,267201.0117228179,0.0,0.0,2343.8743944221296,130582.83429907593,0.0,0.0,702.4974441036439,34411.1,16955.055903500408,0.018127232961076,793707.0403233798,21088.469664848504,295525.9982384276,9343.28414910014,2764762.179708137,193719.99296770763,346431.9382131474,0.0,0.0,28260.045154114778,6276.187217827558,0.0,0.0,1102242104884.12,1102510400000.0,1102243600000.0,551658391240.5314,1097751161872.4868,1101407005906.17,660109722269.9032,1102243600000.0,35059559314.12444,1102243600000.0,1102243600000.0,0.0,0.0,91832666992.76604,1102242104884.12,17997077825.0,95021.0,4754.0,4569.0,185.0,9323.0,494.8615968126846,655.8559293015502,819.5822106414951,823.6170226506978,"Cumberland, MD-WV",19060.0,2.1,2.2,2.2,2.1,2.1,2.2,2.3,2.4,2.6,2.7,2.7,2.7,2.8,2.7,2.6,2.5,2.5,2.3,2.3,2.3,2.3,2.1,2.1,2.2,2.2,2.6,2.8,2.9,2.6,3.1,2.8,2.5,2.7,2.8,2.4,2.0,2.1,2.0,2.2,2.2,2.3,2.6,2.6
19100,"Dallas-Fort Worth-Arlington, TX",Texas,0.0,0.0,9628959.967318404,2643377.267547964,2937657.625974042,128144053.89257516,75691.17875672545,3456722.493684211,223470.28868929605,4904854.942011574,29703856.48233915,14039540.01748464,599442000.9487746,0.0,0.0,325193.8175215586,5267544.2288938165,0.0,0.0,68590.52106130603,9018020.4,346662927.24292964,10268.935992627325,8520324.606784414,270760.8263633482,386454.34848556377,2249804.413937466,8891918.808612974,8708312.771923896,199452197.32884145,0.0,0.0,40840547.07553605,1262100.219669246,0.0,0.0,89273729224213.25,89415004000000.0,89273808800000.0,89273729224213.22,88846670860296.94,89254886879017.89,2910639870007.092,89273808800000.0,1644285198540.6328,89273808800000.0,89273808800000.0,0.0,0.0,7771502270177.974,89273729224213.22,1219054103218.0,7696018.0,248701.0,225266.0,23435.0,473967.0,7051.893930002068,5940.476327703023,9278.174874402832,9162.09424749604,"Dallas-Fort Worth-Arlington, TX",19100.0,3.8,3.7,3.6,3.5,3.5,3.4,3.5,3.3,3.0,2.8,2.7,2.6,2.6,2.6,2.6,2.5,2.6,2.6,2.4,2.4,2.5,2.6,2.7,2.8,2.8,2.9,2.8,2.7,2.6,2.5,2.6,2.6,2.8,3.0,3.2,3.3,3.5,3.7,3.7,3.7,3.9,4.4,5.0
19140,"Dalton, GA",Georgia,0.0,0.0,320585.808313041,717824.7772265433,47794.13963210459,0.0,6614.605146007441,10572.218876476092,34799.99999999955,638970.833060281,385035.3067374246,357064.07324862096,6116020.125829807,0.0,0.0,75.6814547016285,387281.9235975751,0.0,0.0,2575.9796374331995,3499303.1,259295.44369190725,0.0,435851.7359929922,374402.3306835333,109499.99999999972,64909.58960715684,220743.5296141969,356468.8321346247,4608783.071204894,0.0,0.0,9821.433845720248,6371.180463579201,0.0,0.0,1654890794887.3,1656909200000.0,1654890800000.0,0.0,1654778005515.91,1654260049891.0745,900987931739.1226,1654890800000.0,36573463924.71606,1654890800000.0,1654890800000.0,0.0,0.0,130905325286.74416,1654890794887.3,26479706911.0,142663.0,4215.0,5406.0,-1191.0,9621.0,861.1248457686028,907.266774438478,1304.315912653066,1195.1732092044233,"Dalton, GA",19140.0,2.7,2.9,2.9,2.8,2.7,2.6,2.6,2.5,2.5,2.5,2.5,2.5,2.4,2.3,2.3,2.3,2.5,2.4,2.5,2.5,2.6,2.8,3.0,3.1,3.3,3.5,3.7,3.7,3.6,3.4,3.3,3.2,3.1,3.0,2.9,2.9,3.0,3.2,3.2,3.0,3.1,3.5,4.2
19180,"Danville, IL",Illinois,0.0,0.0,1016088.329497354,276080.33661414846,35063.23340470165,934742.6753661945,458.6637470449862,73021.56270597555,17399.99999999965,210652.8425781636,192583.03283098785,129773.76100655296,578681.9827547175,0.0,0.0,1386.0440917439391,83462.71460652116,0.0,0.0,2001.391049799215,844796.0999999999,1001106.6367358872,4363.326311853896,71678.06863703721,61019.81758172399,4500.000000000021,291.56209837295273,142890.36274954735,988077.9106193632,2247692.420707572,0.0,0.0,15202.447756666352,748.2382655633827,0.0,0.0,860290800000.0,860580800000.0,860290800000.0,860290800000.0,859943284619.3987,860259954742.6273,182310397531.58063,860290800000.0,9915394715.871391,860290800000.0,860290800000.0,0.0,0.0,229352336531.69156,860290800000.0,15324379945.0,74163.0,1862.0,3879.0,-2017.0,5741.0,356.88093252512107,702.9238934621585,786.7210433184052,790.5991398932837,"Danville, IL",19180.0,2.1,2.1,1.9,1.8,1.7,1.6,1.6,1.6,1.7,1.7,1.7,1.6,1.6,1.6,1.6,1.6,1.6,1.6,1.6,1.6,1.6,1.7,1.8,1.8,1.8,1.8,1.8,1.8,1.8,1.7,1.7,1.5,1.5,1.5,1.6,1.7,1.7,1.7,1.8,1.8,1.8,2.0,2.2
19300,"Daphne-Fairhope-Foley, AL",Alabama,0.0,75230.62610545647,0.0,74416.41039179862,115095.7525273164,1166482.0479291463,6327440.077879749,24925.0750330906,30443.94970486839,3699432.860314799,1245394.3371684642,297466.8182380186,3898148.3881910974,0.0,0.0,189065.0186216328,61382.51481539416,0.0,147698.77960159915,0.0,353127.5,1023.929150707922,146.36130722344987,173682570.1054123,257.057400921294,8655.420605963578,103337.24017408736,2499600.2882537576,106539.31722988226,3636795.6806877535,0.0,0.0,2248315.7433788674,58.29863925390661,0.0,257588512005.68903,0.0,2688497200000.0,2683834000000.0,2683834000000.0,2683808730869.5874,2683834000000.0,152194145169.35046,2683834000000.0,167405997653.0711,2683834000000.0,2683834000000.0,0.0,0.0,215658464822.1716,2645978504672.8887,45968484827.0,231365.0,10770.0,8779.0,1991.0,19549.0,1369.0766961715476,1169.4541461724782,1822.437927612351,1778.3261793045729,"Daphne-Fairhope-Foley, AL",19300.0,3.6,3.4,3.2,3.1,3.1,3.0,3.0,3.0,3.0,2.8,2.8,2.9,3.0,3.1,3.2,3.3,3.3,3.4,3.4,3.3,3.4,3.5,3.6,3.7,3.8,4.4,4.8,4.6,4.4,4.2,4.1,3.8,3.7,3.6,3.6,3.6,3.5,3.6,3.7,3.7,3.7,4.5,5.4
19340,"Davenport-Moline-Rock Island, IA-IL",Illinois,0.0,0.0,4817558.776789229,248772.54478564725,15294.599411659565,2728521.039271184,102.51938009617815,916240.697573508,69600.00000000084,1605948.2534414767,5065803.764843657,5097685.429723306,8869696.37318401,0.0,0.0,4712.79746964736,1062912.341392287,0.0,0.0,1173.7250669880743,841331.0,662103.7099740498,4710.4918782422565,19889.417018142256,414665.47234781575,118499.99999999946,102029.71344217326,1801779.309674339,4006555.1018499928,4704673.299053938,0.0,0.0,51396.17561602189,20359.086275568603,0.0,0.0,4456480197037.28,4458158400000.0,4456488000000.0,4456480197037.28,4456488000000.0,4443825470831.387,929121365715.911,4456488000000.0,147283178572.67337,4456488000000.0,4456488000000.0,0.0,0.0,140236429336.80563,4456480197037.279,66265000998.0,384180.0,12877.0,14696.0,-1819.0,27573.0,1372.114062314063,1261.4773085553304,1815.6274397573968,1911.4648832766975,"Davenport-Moline-Rock Island, IA-IL",19340.0,2.2,2.2,2.1,2.2,2.1,1.9,1.8,1.7,1.6,1.6,1.7,1.7,1.8,1.9,1.9,2.0,2.0,1.9,2.0,2.0,2.1,2.1,2.3,2.4,2.5,2.6,2.5,2.3,1.9,2.2,2.3,2.2,2.3,2.2,2.2,2.3,2.3,2.3,2.3,2.3,2.3,2.5,2.6
19380,"Dayton, OH",Ohio,0.0,0.0,119132.09177824874,1180048.197093285,24946.441769082703,1283392.684809319,3446.8107433226205,484475.53023366537,52200.00000000042,1266071.3404581803,3124718.425259513,958707.1594653536,6544786.39909663,0.0,0.0,13747.41929525734,773626.6138514518,0.0,0.0,20119.243334906147,3966761.6,7942552.898929819,9961.147555407542,303001.60553282354,2001641.5028290288,113999.99999999996,39480.28981142171,123101.90969789495,4344285.935895813,9047082.269359916,0.0,0.0,160911.27641307528,163322.38175126343,0.0,0.0,9441296072053.557,9442968400000.0,9441309600000.0,9441296072053.557,9416067235088.049,9440615697897.88,1068527592467.2496,9441309600000.0,151335665268.3012,9441309600000.0,9441309600000.0,0.0,0.0,2274821382255.579,9441296072053.553,156399113243.0,813906.0,,,,,,,,,"Dayton, OH",19380.0,2.3,2.3,2.1,2.2,2.1,2.0,2.0,2.1,2.2,2.2,2.3,2.4,2.5,2.4,2.4,2.4,2.5,2.4,2.5,2.5,2.4,2.5,2.6,2.6,2.6,2.6,2.6,2.4,2.2,2.2,2.3,2.1,2.2,2.3,2.4,2.4,2.5,2.6,2.7,2.8,3.0,3.2,3.5
19460,"Decatur, AL",Alabama,0.0,0.0,386179.2855586475,948992.5485617388,65377.79865984444,1474306.355632457,14427.907359924207,42739.63955186724,34800.00000000067,322719.16378904844,1409732.0297317463,1132940.956759535,18250149.98132813,0.0,0.0,1517.358290704026,233624.9922152009,0.0,0.0,1872.9080358686144,3223796.5,100210.43364842652,10162.676058855148,827531.9246472919,174447.69635930378,8999.999999999993,134847.93471219213,111276.27164503976,915215.420122355,7084763.154114999,0.0,0.0,14015.58711248262,14231.431919924622,0.0,0.0,1813787600000.0,1815330400000.0,1813787600000.0,1813787600000.0,1798652125814.0508,1813787600000.0,315306438088.7316,1813787600000.0,54797816299.02561,1813787600000.0,1813787600000.0,0.0,0.0,213160942101.68542,1813787600000.0,26952405697.0,156361.0,6001.0,5547.0,454.0,11548.0,857.5867303077864,1070.8319195840213,1379.6213248569334,1364.6805486999513,"Decatur, AL",19460.0,2.9,2.8,2.6,2.6,2.6,2.5,2.5,2.5,2.5,2.3,2.2,2.2,2.2,2.3,2.3,2.3,2.3,2.3,2.3,2.3,2.3,2.4,2.4,2.4,2.4,2.5,2.5,2.5,2.6,2.6,2.7,2.6,2.6,2.7,2.7,2.7,2.8,2.7,2.9,2.9,3.2,3.6,4.1
19500,"Decatur, IL",Illinois,0.0,0.0,711959.1985535965,755010.1215401376,50430.08648830243,2414757.8047139877,248.17475985708552,145432.7356389257,17399.9999999994,45810.51125303708,179446.6953940868,797312.0481381431,1433444.6533982602,0.0,0.0,1343.4941744685232,46230.62660104452,0.0,0.0,1393.69188678827,2216705.5,2633037.2164900447,7864.231088243813,42839.86534538571,120678.95178449864,4500.000000000008,6370.262114304949,612956.1117926775,545748.7866659048,3170417.944081997,0.0,0.0,14915.33878463072,94700.92478307754,0.0,0.0,1205588000000.0,1206376800000.0,1205588000000.0,1205588000000.0,1205588000000.0,1205586041197.1958,150745497103.13885,1205588000000.0,14278536198.270067,1205588000000.0,1205588000000.0,0.0,0.0,222297090573.408,1205588000000.0,21342619676.0,103930.0,4586.0,4590.0,-4.0,9176.0,549.8381580065175,714.0903304204588,897.0557396282575,905.1281677199092,"Decatur, IL",19500.0,1.8,1.8,1.7,1.7,1.6,1.6,1.6,1.6,1.7,1.7,1.7,1.8,1.8,1.9,1.9,1.9,1.9,1.9,1.8,1.8,1.8,1.9,2.0,2.0,2.0,2.1,2.1,1.9,2.0,2.0,2.0,2.0,1.9,1.8,1.9,1.9,1.9,1.9,1.8,1.8,1.9,2.4,2.7
19660,"Deltona-Daytona Beach-Ormond Beach, FL",Florida,0.0,119312.66272495071,405288.2963113757,280611.5091009553,19368.669045797807,0.0,4694968.884700544,0.0,34799.99999997803,3971107.04831615,5269414.51231684,542474.5202951098,16284750.67440858,0.0,0.0,63512.252836486776,0.0,0.0,3630068.344588969,22425.79389939885,676194.8,3501.089070471656,0.0,129824979.56019932,0.0,7339.939269907762,161326.34271826444,2492663.470198316,67952.35208266789,7450843.044934068,0.0,0.0,13715377.390337355,0.0,0.0,1039010426042.9458,7594769893576.789,7759483600000.0,7738348400000.0,0.0,7737840676019.603,0.0,263014668130.66925,7738348400000.0,774845105878.3552,7738348400000.0,7738348400000.0,0.0,0.0,717006234671.2905,0.0,99526673733.0,667099.0,44656.0,26305.0,18351.0,70961.0,3231.785419856956,1854.72828198634,3637.335838220056,3812.154246616996,"Deltona-Daytona Beach-Ormond Beach, FL",19660.0,3.0,2.7,2.8,2.8,2.8,2.7,2.6,2.5,2.5,2.5,2.4,2.5,2.4,2.4,2.3,2.2,2.3,2.2,2.3,2.3,2.3,2.5,2.7,3.2,3.8,4.6,4.7,4.2,3.6,2.8,2.7,2.5,2.7,3.1,3.2,3.4,3.8,3.9,4.1,4.1,4.3,4.9,5.9
19740,"Denver-Aurora-Lakewood, CO",Colorado,1404751.8836536035,0.0,12080755.499906149,713960.3624473705,3760549.837705774,0.0,0.0,1127178.8578654,346758.5799592072,6899470.2430670615,1712665.1441835416,4553635.433441713,29914788.460758746,0.0,0.0,88150.96006174383,318355.5447072693,2975.651905301677,0.0,8370.769473729984,4101092.5,213678424.91938168,0.0,0.0,341365.95055568416,617477.063350897,442672.2645553821,7186360.742203202,3255013.967774082,65654391.28220861,0.0,0.0,50895532.445420094,1229642.0971119609,290000000.0,0.0,34357054000000.0,34380323600000.0,34357054000000.0,0.0,0.0,34357054000000.0,3051013985376.1675,34357054000000.0,284430430202.1139,34357054000000.0,34357054000000.0,0.0,0.0,2865867338076.0933,34357054000000.0,503111914605.0,2961815.0,139764.0,136619.0,3145.0,276383.0,4579.359562209545,4386.904945402852,6276.607921481156,6405.810643470504,"Denver-Aurora-Lakewood, CO",19740.0,3.2,3.1,3.2,3.2,3.1,3.0,3.0,2.8,2.7,2.6,2.5,2.5,2.6,2.8,3.0,3.1,3.1,3.1,3.2,3.3,3.7,4.0,4.2,4.4,4.4,4.5,4.4,4.2,3.7,3.7,3.9,3.9,4.1,4.4,4.6,5.1,5.3,5.4,5.6,5.5,5.7,6.6,7.1
19780,"Des Moines-West Des Moines, IA",Iowa,0.0,0.0,475884.1207659932,113839.34726647512,2744218.258338264,242325.3355288513,181.31972587389703,87531.8334840166,87611.03122208436,681671.9175996928,1214743.5634721054,5149291.535763796,17692290.922056142,0.0,0.0,21912.83144590013,1411761.8887488523,0.0,0.0,1832.5206495469315,377925.6,3594106.559533487,66075.5857101602,45968.15169500179,425528.3614925706,139030.6351619359,200769.26108864625,1440519.6170704125,16070899.014078977,24261984.74816206,0.0,0.0,306965.8113217002,745180.5544757459,0.0,0.0,7790072800000.0,7791174800000.0,7790072800000.0,7790072800000.0,7789814204031.258,7788439478787.637,1065466026405.23,7790072800000.0,85300736876.48848,7790072800000.0,7790072800000.0,0.0,0.0,950880007481.1552,7790072800000.0,133281801218.0,671558.0,29855.0,25160.0,4695.0,55015.0,1825.8786925751667,1509.3084509138614,2349.2986187370902,2387.675019762949,"Des Moines-West Des Moines, IA",19780.0,2.3,2.2,2.1,2.2,2.1,2.1,2.1,2.0,1.9,1.9,1.9,2.0,2.1,2.2,2.2,2.2,2.3,2.4,2.4,2.4,2.4,2.6,2.7,2.6,2.7,2.7,2.7,2.7,2.7,2.6,2.6,2.6,2.6,2.8,2.7,2.8,2.8,2.8,2.9,3.0,3.1,3.4,3.5
19820,"Detroit-Warren-Dearborn, MI",Michigan,0.0,5330.523768341585,19501610.93648104,1022378.8961472207,923165.812267133,30955734.70208836,11321.18278479814,253884.77609930688,104400.00000000284,3426414.1183043704,14020715.717720635,8936237.838188097,109335917.21473268,0.0,0.0,52568.00936398533,326646.5653121524,0.0,887584.1378608498,14052.919127277575,3775226.9,2183865.4883646592,79061.29361642076,1998362.388495838,16374283.337982258,358500.0,684771.090620997,53939559.907309,36763707.22003841,94124760.7862691,0.0,0.0,629480.9492444872,754319.7808970866,0.0,277797226747.3994,50918187584683.56,50947675600000.0,50918188400000.0,50918187584683.56,50756525911563.67,50906771660555.69,2704152715697.955,50918188400000.0,890413826102.3573,50918188400000.0,50918188400000.0,0.0,0.0,8546278785826.767,50918187584683.56,858077938015.0,4389499.0,85114.0,112622.0,-27508.0,197736.0,3185.5244466178565,3697.557977909204,4928.207787827133,4833.610762152865,"Detroit-Warren-Dearborn, MI",19820.0,2.1,2.2,2.0,1.9,1.7,1.7,1.7,1.9,2.0,2.0,2.1,2.2,2.3,2.3,2.3,2.3,2.5,2.6,2.6,2.7,2.9,3.0,3.3,3.4,3.6,3.6,3.6,3.3,3.0,2.5,2.2,2.1,2.0,2.1,2.4,2.7,2.8,2.9,3.0,3.0,3.1,3.3,3.8
20020,"Dothan, AL",Alabama,0.0,0.0,0.0,75400.86012086109,74547.09158664272,300401.1306256531,511101.1529842116,10060.323754350266,52199.999999998814,1066459.0874437252,359504.75126728864,555930.3923084314,7723187.300511,0.0,0.0,4104.302565394261,54753.6186653475,0.0,0.0,0.0,346626.0,26442.394703505644,2928.7361199581783,28250636.196840547,2211.304788205974,13499.999999999967,30250.32281317167,3895538.480815449,371712.39146642096,3686352.0667156354,0.0,0.0,48609.57989658276,33409.159461699994,0.0,0.0,0.0,1751681200000.0,1749512000000.0,1749512000000.0,1749511231502.5662,1734308937801.949,142518065340.7877,1749512000000.0,36828240397.572624,1749512000000.0,1749512000000.0,0.0,0.0,454214140266.7096,1749512000000.0,31601732321.0,150820.0,5361.0,7465.0,-2104.0,12826.0,495.0242418306401,1198.042570195233,1285.5683567978797,1306.7455758486424,"Dothan, AL",20020.0,3.0,2.8,2.7,2.7,2.7,2.6,2.5,2.5,2.4,2.3,2.2,2.2,2.3,2.4,2.4,2.5,2.5,2.6,2.6,2.6,2.6,2.7,2.7,2.8,2.8,3.0,3.2,3.2,3.2,3.1,3.0,3.0,2.9,2.9,2.9,3.0,2.9,3.0,3.0,3.0,3.0,3.5,4.1
20100,"Dover, DE",Delaware,0.0,70457.42891488217,0.0,93635.1901868524,644.0744024094046,1444965.8844124544,311232.47961961315,35726.31891581646,17400.000000000193,374923.7770821976,475922.2417075568,55312.90963938231,1507199.16323627,0.0,0.0,8172.418654864586,136864.3388513816,0.0,1811444.9162464377,0.0,335107.9,45365.85545696631,0.014597610059454,10204729.592319887,121757.2294338798,4499.999999999996,31666.528985007,62602.23401985834,313776.23216427973,668887.9732884953,0.0,0.0,314760.849861129,140211.04441555255,0.0,50492183151.3898,0.0,2109471600000.0,2107778000000.0,2107778000000.0,2106170114807.5056,2107778000000.0,14723946809.121374,2107778000000.0,43152567700.0154,2107778000000.0,2107778000000.0,0.0,0.0,79189774705.69531,2107778000000.0,32684649803.0,181705.0,11410.0,9173.0,2237.0,20583.0,1354.269914012713,1207.9817879421855,1853.501281359147,1773.8142518313466,"Dover, DE",20100.0,2.3,2.2,2.1,2.1,2.1,2.1,2.2,2.4,2.4,2.5,2.6,2.6,2.5,2.5,2.4,2.3,2.3,2.3,2.3,2.2,2.2,2.3,2.6,2.8,3.2,3.7,4.2,4.0,3.9,3.6,3.7,3.2,3.3,3.3,3.3,3.4,3.5,3.6,3.5,3.7,3.9,4.4,4.6
20220,"Dubuque, IA",Iowa,0.0,0.0,2443747.5208372995,13880.84534168174,4202.14564808591,420927.1173516986,21.727651503530662,157996.70040323908,17400.000000000167,333581.4939139636,457090.7959094999,856715.2143987353,3844156.432342352,0.0,0.0,1878.2562622816188,32180.85132134051,0.0,0.0,493.90121777002776,56606.8,202293.8146622143,2556.5982217943247,5824.449224799549,196190.4082864908,105000.00000000058,30521.447705364608,1752391.8693120084,967651.471741226,3847823.9233807176,0.0,0.0,22903.90849287181,2750.1310253498527,0.0,0.0,1150116734156.776,1151485600000.0,1150116800000.0,1150116734156.776,1145867680094.3054,1150116734156.776,580925365292.8525,1150116800000.0,13914202644.716713,1150116800000.0,1150116800000.0,0.0,0.0,298473099475.8025,1150116734156.776,20647518650.0,99148.0,4755.0,4149.0,606.0,8904.0,636.0141507859711,625.7906998350168,886.5805095985361,897.2062193275301,"Dubuque, IA",20220.0,2.6,2.5,2.5,2.5,2.4,2.3,2.2,2.1,2.0,1.9,1.9,2.0,2.0,2.1,2.2,2.3,2.3,2.3,2.3,2.3,2.4,2.5,2.5,2.6,2.6,2.7,2.7,2.6,2.6,2.6,2.6,2.6,2.6,2.6,2.6,2.6,2.6,2.6,2.6,2.6,2.5,2.4,2.7
20260,"Duluth, MN-WI",Minnesota,0.0,22.853750574324305,4628191.118259812,903.5974434925076,110769.63687016048,186376.9900414879,0.0,50169.35083145502,78848.33435614755,1929668.718967724,466564.4426265332,544840.8402306291,1690103.2649345133,0.0,0.0,8989.18178473294,70273.72811666924,0.0,6732.213845169053,22609.38838563439,3877.3,1571986.0975889114,638.1561957602455,0.0,366006.7064301382,159257.96185542998,219644.8934037449,1586964.5460619694,12106.28206511423,1315007.586153665,0.0,0.0,1291597.5345443909,293320.2128985288,0.0,997925036.4141828,1810481600000.0,3256502800000.0,3253266400000.0,933246128183.369,0.0,3246089223392.596,695993573489.8373,3253266400000.0,40671557076.95448,3253266400000.0,3253266400000.0,0.0,0.0,484737922148.2092,1810481600000.0,71059196411.0,280454.0,14899.0,12781.0,2118.0,27680.0,1058.5381429121958,1404.9202824359822,1761.7752410565884,1756.9661351318073,"Duluth, MN-WI",20260.0,2.2,2.1,2.2,2.3,2.2,2.1,2.1,2.0,1.9,1.8,1.8,1.8,1.9,2.0,1.9,1.9,1.9,1.9,1.9,1.9,2.1,2.3,2.5,2.7,3.0,3.1,3.3,3.2,3.2,3.0,2.9,2.8,2.7,2.6,2.7,2.7,2.8,2.8,2.8,2.8,2.8,2.9,3.2
20500,"Durham-Chapel Hill, NC",North Carolina,0.0,0.0,0.0,166574.19985169917,1040346.7824457256,2192406.948129568,387883.1576954327,118936.82974337692,94810.81903380364,1372279.2263988347,1789876.4963290645,1380884.483561232,10650665.038830897,0.0,0.0,38257.90528537591,1618742.6524794989,0.0,0.0,0.0,1057276.2,407847.9693981916,31637.957675591784,16939196.75729185,468356.4956100354,226882.32579363117,126026.32195606032,1885481.567303068,202334.51702277007,7167526.934922567,0.0,0.0,101770.36154621614,230590.4129425813,0.0,0.0,0.0,6831367600000.0,6825764800000.0,6825764779523.68,6825747934377.302,6825764779523.68,1793918440777.4363,6825764800000.0,84423221284.01482,6825764800000.0,6825764800000.0,0.0,0.0,1394617837210.7383,6825764779523.68,107219951872.0,588428.0,47172.0,45268.0,1904.0,92440.0,2268.5270551615645,2548.383016738261,3431.3223398567497,3392.7198528614176,"Durham-Chapel Hill, NC",20500.0,3.2,3.3,3.3,3.2,3.1,3.1,3.2,3.3,3.3,3.1,3.1,3.1,3.1,3.1,3.1,3.2,3.1,3.2,3.2,3.1,3.2,3.3,3.5,3.6,3.8,4.1,4.2,4.2,4.0,4.0,4.0,3.7,3.6,3.7,3.7,4.1,4.1,4.2,4.5,4.5,4.8,5.5,6.1
20700,"East Stroudsburg, PA",Pennsylvania,0.0,0.0,771170.6570247216,44388.874857913645,53909.37060853116,453832.1911744529,88157.41023277878,137447.50079779263,22328.41791734784,730918.2660179709,869030.1074236432,536155.6846897803,861933.3518349449,0.0,0.0,1165.3164932633329,518033.5821255173,0.0,0.0,2408.304454113148,195236.0,43168.51228575288,0.388184428655431,4085141.09570714,28768.833550447904,122388.66373509805,24749.298469692465,7551263.430299818,413366.3341161702,1079483.866034177,0.0,0.0,66380.13534758893,209926.6962102124,0.0,0.0,1950899600000.0,1952593200000.0,1950899600000.0,1950899600000.0,1950701956635.285,1930772499646.9248,784634247871.219,1950899600000.0,46198134618.16986,1950899600000.0,1950899600000.0,0.0,0.0,110320657625.34631,1950899600000.0,37316516597.0,168181.0,10677.0,8866.0,1811.0,19543.0,1655.3241374425736,1097.3340421220878,2019.803208235892,1951.9684935981932,"East Stroudsburg, PA",20700.0,2.7,2.7,2.7,2.7,2.7,2.7,2.7,3.0,3.2,3.4,3.5,3.5,3.6,3.5,3.3,3.2,3.0,2.9,2.8,2.6,2.6,2.6,2.8,3.0,3.3,3.6,3.9,3.9,3.6,3.5,3.4,3.2,2.9,2.8,2.7,2.6,2.6,2.5,2.5,2.5,2.5,2.7,3.0
20740,"Eau Claire, WI",Wisconsin,0.0,0.0,1358653.812639224,3408.683613709476,52429.88323809368,744769.1368923082,0.0,1896820.5595449647,57126.646456530216,156878.85381215817,601041.16892654,446687.7423421898,2583026.499167776,0.0,0.0,26248.13773278791,281035.0798790994,0.0,0.0,9794.422301296998,13852.5,11490.772390334558,698.7229357738657,0.0,41003.15099782559,200449.56871244824,41907.11726308271,947996.193144957,1512873.3924537376,4682352.209411394,0.0,0.0,66656.13348374679,109057.38491664488,0.0,0.0,1993332400000.0,1995281200000.0,1993332400000.0,1993332400000.0,0.0,1989303575025.6875,882945544006.9652,1993332400000.0,48322130207.459816,1993332400000.0,1993332400000.0,0.0,0.0,219982055171.7616,1993332400000.0,42016630706.0,171839.0,10642.0,7717.0,2925.0,18359.0,1016.1323732663968,697.6331414145976,1223.799820232051,1241.8957283121638,"Eau Claire, WI",20740.0,2.6,2.4,2.2,2.3,2.2,2.1,2.1,2.0,2.0,2.0,2.0,2.0,2.0,2.1,2.2,2.2,2.3,2.3,2.2,2.3,2.4,2.4,2.6,2.7,2.8,2.9,2.9,2.8,2.9,2.9,2.9,2.8,2.8,2.8,2.8,2.8,2.8,2.8,2.7,2.6,2.7,3.2,3.8
20940,"El Centro, CA",California,0.0,0.0,0.0,38820917.92010944,9447.172298494175,123418.03216516612,14.16875284268971,0.0,2691.9033891727986,4013.3372724188753,63375.57984148462,6203.662357920217,7977.302997897535,0.0,0.0,52.39852630147536,0.000171413108245,0.0,0.0,0.0,92687513.7,166.96045084285842,167.55471375330418,6036.929552875031,0.0,2197.751437305182,1215.385674582638,77153.52226370531,102949.94425797432,39823.546190132336,0.0,0.0,48677.23884770964,0.000262892964014,0.0,0.0,0.0,2084543200000.0,2080100400000.0,2080100400000.0,2080006280679.1367,0.0,538380677.8345597,2080100400000.0,8552372736.637968,2080100400000.0,2080100400000.0,0.0,0.0,100011577127.30711,176353067.120312,33548773598.0,179319.0,4409.0,7172.0,-2763.0,11581.0,756.8943123052253,961.2855975203208,1226.5300648577677,1219.1431417188055,"El Centro, CA",20940.0,3.0,3.1,2.9,2.8,2.7,2.7,2.6,2.6,2.7,3.0,3.2,3.2,3.4,3.4,3.4,3.4,3.3,3.2,3.1,3.0,3.0,3.2,3.6,3.9,4.6,6.1,7.2,7.0,5.3,4.3,4.0,3.7,3.7,3.9,4.2,4.4,4.5,4.6,4.7,4.7,4.9,5.3,5.7
21060,"Elizabethtown-Fort Knox, KY",Kentucky,0.0,0.0,186188.5694165821,683170.9033530675,194330.2609176856,521544.570521379,661.9277785433165,105766.98578762524,52199.99999999899,778906.4222826252,144621.39636254916,1421954.589208895,4915509.990361583,0.0,0.0,5122.203298225631,31035.477276297708,0.0,0.0,4048.734924955263,2213081.9,39327.08722662007,16503.12830932102,62004.3357720814,380072.7878741496,13500.000000000022,56604.99140133378,3147356.208423396,927123.1554289536,3233194.482188138,0.0,0.0,44300.2611362022,56442.01951146732,0.0,0.0,1803254800000.0,1804635200000.0,1803254800000.0,1803254800000.0,1801905595078.6687,1803242835055.878,419506382852.3112,1803254800000.0,31986253113.12704,1803254800000.0,1803254800000.0,0.0,0.0,838003771704.9758,1803254800000.0,25979333175.0,155453.0,11908.0,10773.0,1135.0,22681.0,1164.8214455443374,1219.3420356897404,1725.301133135894,1646.7914257731609,"Elizabethtown-Fort Knox, KY",21060.0,3.4,3.2,2.9,2.8,2.7,2.7,2.6,2.6,2.7,2.6,2.4,2.4,2.4,2.4,2.5,2.5,2.5,2.5,2.5,2.5,2.6,2.6,2.7,2.8,2.9,3.0,3.0,3.0,3.0,3.0,3.1,3.0,3.0,2.9,3.0,3.0,3.1,3.2,3.3,3.3,3.3,3.6,4.2
21140,"Elkhart-Goshen, IN",Indiana,0.0,0.0,811757.516025608,66740.09397443067,7402.703237216186,367817.5012467904,1157.2266266230604,7189.707959831992,17399.999999999494,105028.40900366173,174924.03252031995,2959560.524392799,2636233.530296913,0.0,0.0,4649.025263104931,378305.0734092257,0.0,0.0,8144.2933745673345,667623.4,1896.1386592665765,5266.351361133479,163654.67202094564,2830.3521884635225,4500.000000000014,23016.92019404286,161736.4684904681,324073.1879333904,3796602.6660450487,0.0,0.0,48737.15876174416,90536.86800013408,0.0,0.0,2401130400000.0,2401745200000.0,2401130400000.0,2401130400000.0,2399205734738.301,2401130400000.0,92861010534.77312,2401130400000.0,51035119134.4772,2401130400000.0,2401130400000.0,0.0,0.0,769286354625.5498,2401130400000.0,44918570900.0,206994.0,8894.0,12053.0,-3159.0,20947.0,1329.7386961354475,1446.4529027935891,1946.9522336205373,1982.9873927990568,"Elkhart-Goshen, IN",21140.0,2.4,2.5,2.3,2.1,2.0,2.0,2.0,2.0,2.0,2.1,2.1,2.2,2.2,2.1,2.1,2.1,2.2,2.2,2.2,2.2,2.2,2.3,2.3,2.3,2.4,2.4,2.4,2.4,2.4,2.5,2.6,2.5,2.5,2.3,2.3,2.3,2.3,2.3,2.4,2.4,2.5,2.9,3.6
21300,"Elmira, NY",New York,0.0,0.0,321149.5614871906,9389.829660805508,33425.21568384544,86314.67390963752,12387.15771321392,6085.727706294941,17400.00000000007,45518.28400030181,461391.0764803008,141721.84183975012,920497.4303491293,0.0,0.0,1841.4473229166272,927.6658554059928,0.0,0.0,1325.216192380842,43532.4,18306.50987647669,0.084793028869016,639985.3156857712,77596.55814741558,105000.00000000016,5945.603344236031,2117508.8465005807,63423.673165900575,242947.92602605396,0.0,0.0,18249.50181576357,2062.226838361848,0.0,0.0,975966000000.0,976116800000.0,975966000000.0,975966000000.0,975523176686.5892,975966000000.0,333200141328.76965,975966000000.0,41835005635.71793,975966000000.0,975966000000.0,0.0,0.0,304314674366.3832,975966000000.0,15702593042.0,84135.0,2806.0,5121.0,-2315.0,7927.0,420.760026618499,614.6153268508685,741.5841152559836,747.9411741574334,"Elmira, NY",21300.0,1.2,1.3,1.4,1.4,1.6,1.7,1.9,2.1,2.1,2.0,2.0,1.9,1.9,1.9,1.8,1.8,1.7,1.7,1.7,1.7,1.9,1.9,1.8,2.1,2.1,2.0,2.2,1.9,2.0,1.9,2.2,2.2,2.3,2.3,2.1,2.1,2.3,2.1,2.0,2.0,2.1,2.4,2.4
21340,"El Paso, TX",Texas,0.0,0.0,0.0,8352037.380649664,38566.60477761064,2089839.3002211545,1008.5417893845844,17918.82072177919,34799.999999995794,3739809.849873404,961680.9581507788,333682.6885745721,200119.01860925395,0.0,0.0,45031.61915737838,205725.7077305755,0.0,0.0,0.004315015292225,14580640.6,4000415.434052495,721.3708446582218,79683.20960828086,371678.9401069797,108797.39435918962,2448.195073440856,15052135.029631283,314018.24557652336,198881.01780555703,0.0,0.0,238315.7719133304,1307195.336331583,0.0,0.0,0.0,10078764400000.0,10064716800000.0,9818763352075.95,10064310943617.016,10064716800000.0,881897615254.7026,10064716800000.0,514750454183.4422,10064716800000.0,10064716800000.0,0.0,0.0,762494370847.7974,10064716800000.0,100478930962.0,867648.0,35065.0,42664.0,-7599.0,77729.0,2668.461729161578,3080.185871014929,4087.6187444525694,4063.540451379806,"El Paso, TX",21340.0,2.7,2.8,3.1,3.1,3.1,3.1,3.1,2.9,2.7,2.8,2.7,2.7,2.7,2.8,2.8,2.7,2.8,2.6,2.6,2.5,2.5,2.6,2.7,2.7,2.8,3.2,3.6,3.6,3.6,3.5,3.5,3.4,3.4,3.5,3.4,3.4,3.4,3.5,3.4,3.5,3.6,4.0,4.5
21500,"Erie, PA",Pennsylvania,0.0,2712.4557718602377,2110118.8210805454,33320.509576558434,14303.966248381552,55517.08745191634,14375.5134828066,118541.07444481293,17399.999999999996,1105398.0737662488,387081.3711818416,159715.73773058757,594254.9753523098,0.0,0.0,3674.7443813813456,104162.8527658394,0.0,34735.827850874295,7069.002945187772,129608.8,98237.5648051426,0.052699664190731,868999.2556763827,1456.4334569155333,105000.00000000023,15916.10846922466,1714161.5737743136,180127.581472501,1231150.317193686,0.0,0.0,34982.4796358778,744688.2831464163,0.0,8225330279.729432,3140062000000.0,3142161600000.0,3140062000000.0,3140062000000.0,3135731307133.4604,3137321827662.601,724132081300.5587,3140062000000.0,30241590622.485985,3140062000000.0,3140062000000.0,0.0,0.0,602637311863.289,3140062000000.0,48855612601.0,270695.0,11075.0,12405.0,-1330.0,23480.0,987.584426770694,1168.2499732505885,1530.8559697110634,1528.7315002968965,"Erie, PA",21500.0,2.2,2.1,2.1,2.0,2.0,1.9,2.0,2.1,2.2,2.2,2.2,2.3,2.3,2.4,2.4,2.5,2.5,2.5,2.5,2.4,2.4,2.5,2.4,2.4,2.5,2.5,2.5,2.3,2.3,2.2,2.5,2.5,2.5,2.5,2.6,2.5,2.3,2.3,2.3,2.4,2.5,2.6,2.7
21660,"Eugene, OR",Oregon,36919.52184,244812.4593232445,2897.1086831632733,39253765.88790504,2071.3475787788243,56965.61307789834,0.0,917245.8300730202,350107.27967921423,36717.49629198378,147914.47475408966,4385.6852658109565,77516.65897898506,494.69637675054486,0.0,271.58063154460336,123005.01077155216,47.483807,985208.522111498,23.349482456452968,72192446.09999998,887.2405826094362,81068.7507339822,0.0,21703.87356791304,2546928.6551293507,7704.539254399635,3521256.840588332,8816.454476751587,133974.50122030347,3436.237533248941,0.0,30894.47766648028,302.0782409859963,58000000.0,2461244809.103413,67860000000.0,4442463600000.0,4441234000000.0,4441234000000.0,0.0,4439470723778.086,1214333773180.556,4441234000000.0,278304140560.14844,4441234000000.0,4441234000000.0,20212572534.57156,0.0,145618415392.97296,4441234000000.0,81881558242.0,382865.0,27282.0,17460.0,9822.0,44742.0,1858.714340612887,1324.0959179757333,2306.198820570334,2257.2159843488616,"Eugene, OR",21660.0,2.9,2.8,2.6,2.5,2.3,2.3,2.2,2.2,2.2,2.3,2.6,2.7,2.9,2.9,3.2,3.4,3.6,3.5,3.5,3.5,3.5,3.6,3.8,4.0,4.3,5.0,5.5,5.5,5.2,4.9,4.8,4.5,4.4,4.5,4.6,4.7,4.9,5.2,5.4,5.5,5.9,6.7,7.4
21780,"Evansville, IN-KY",Indiana,0.0,0.0,449909.4101237836,8457586.256449986,114319.112873621,4333321.284307064,800.9220165787877,265358.6735767791,69599.99999999933,897186.450809405,1619059.227472054,1137502.586194222,10092566.192533812,0.0,0.0,10309.282674082444,662623.3895258402,0.0,0.0,621.2466483311518,24376157.1,599759.242832852,26235.908568533065,94061.53946788736,3274483.826540772,118499.99999999996,26766.309491049156,2221694.187335389,7241128.462097867,6610109.834097371,0.0,0.0,103756.670758059,1530655.8021085877,0.0,0.0,3122743200000.0,3642968400000.0,3642005600000.0,3642005600000.0,3640752205326.699,3640634942685.331,533600372789.2899,3642005600000.0,197005620159.64484,3642005600000.0,3642005600000.0,0.0,0.0,118752905755.48672,3642005600000.0,65145555785.0,313966.0,14429.0,11508.0,2921.0,25937.0,1418.983438944937,1152.0642343202917,1807.988384918443,1847.8216905318543,"Evansville, IN-KY",21780.0,2.4,2.3,2.2,2.1,2.1,2.1,2.1,2.1,2.1,2.1,2.0,2.1,2.1,2.1,2.2,2.1,2.2,2.1,2.1,2.2,2.2,2.3,2.4,2.4,2.5,2.5,2.5,2.5,2.5,2.5,2.5,2.5,2.5,2.5,2.5,2.5,2.5,2.5,2.5,2.6,2.6,2.8,3.3
21820,"Fairbanks, AK",Alaska,0.0,0.0,1114030.7201571404,1261423.8286999287,59.42696675561572,0.0,0.0,7110.024069180174,0.0,0.0,409952.3232604446,0.0,19.85446752067939,0.0,0.0,823461.8771727993,2552.128803630431,0.0,0.0,818.4802475808403,7290008.7,1023.8829650998348,0.0,0.0,2448.407046012936,0.0,0.0,184762.93246107973,0.0,41.13502544824834,0.0,0.0,10232481.17061436,14.224246183266493,0.0,0.0,1108716400000.0,1109598000000.0,1108716400000.0,0.0,0.0,1108252425861.4238,0.0,0.0,53267899914.918816,1108716400000.0,1108716400000.0,0.0,0.0,178060501458.84558,1108716400000.0,24099661692.0,95579.0,9001.0,10717.0,-1716.0,19718.0,1190.584730290121,1295.7588510212847,1774.215037699771,1744.9464175154492,"Fairbanks, AK",21820.0,2.5,2.6,2.9,2.9,3.0,2.8,2.9,2.5,2.6,2.2,2.3,2.3,2.4,2.5,2.6,2.6,2.6,2.7,2.7,2.6,2.6,2.6,2.8,2.9,3.1,3.3,3.4,3.4,3.3,3.4,3.5,3.5,3.4,3.5,3.3,3.3,3.3,3.4,3.5,3.5,3.6,4.2,4.5
22020,"Fargo, ND-MN",Minnesota,0.0,0.0,1398831.2034470171,9606.989590352548,895864.089166855,1408374.1636608324,0.0,875137.2164297078,17808.267205615004,148962.80380138586,469573.63368336245,1954388.856462016,1723032.6285707965,0.0,0.0,29541.12860196234,73823.3035833632,0.0,0.0,45063.90345985416,40434.7,5864196.605724935,14455.325336146108,0.0,981620.0821978432,4652.434051620414,6204.62037132446,15792843.23673413,12765913.303145962,10953818.472504206,0.0,0.0,538336.4288338561,1874377.434111148,0.0,0.0,2896891022101.124,2898178800000.0,2896891200000.0,2896891022101.124,0.0,2894954201344.873,6349374532.971862,2896891200000.0,271852677634.7068,2896891200000.0,2896891200000.0,0.0,0.0,82125724184.83693,2896891022101.124,54920624197.0,249732.0,16615.0,14479.0,2136.0,31094.0,1554.2071933947543,1178.0411707576268,1975.7616252979508,1924.262715951229,"Fargo, ND-MN",22020.0,3.3,3.6,2.7,3.1,3.3,3.0,2.9,2.8,2.5,2.4,2.3,2.4,2.4,2.5,2.5,2.6,2.5,2.5,2.5,2.5,2.5,2.5,2.6,2.7,2.9,3.0,3.0,3.1,3.1,2.9,3.0,2.9,2.9,3.1,3.2,3.3,3.4,3.3,3.4,3.4,3.6,3.8,4.1
22140,"Farmington, NM",New Mexico,0.0,0.0,19957.80557546233,28667.869854663688,4614.029995238402,45061.223196708655,0.0,2398.734987912077,24842.2651248809,538947.4189282977,304939.0651144818,11889.844619947777,94234.05966752813,0.0,0.0,168.87701553878486,7939.674964921581,0.0,0.0,13.116895786946978,153350.9,25.77444684127001,38.77391512771484,0.0,142.62252427815494,135854.69430426287,9138.110904190917,424608.59635469125,7037.672619215852,66217.7602861268,0.0,0.0,208526.95982018087,816.3112480549116,0.0,0.0,19363969373.525448,1411267600000.0,1408483600000.0,1372701708575.671,0.0,1408483600000.0,367184118336.768,1408483600000.0,38220695011.66981,1408483600000.0,1408483600000.0,0.0,0.0,122806074242.36632,1408483359710.64,21668319414.0,121421.0,4515.0,6011.0,-1496.0,10526.0,720.6899472033726,1095.9461665611136,1322.077531765819,1301.1502603465904,"Farmington, NM",22140.0,2.5,2.5,2.8,2.9,2.9,2.9,3.1,3.1,2.9,2.6,2.4,2.3,2.4,2.4,2.5,2.6,2.7,2.7,2.8,2.8,2.8,3.1,3.3,3.4,3.6,3.9,4.2,4.3,4.1,4.0,3.9,3.8,3.8,3.7,3.8,3.4,3.5,3.6,3.9,4.1,4.2,4.5,5.0
22180,"Fayetteville, NC",North Carolina,0.0,0.0,0.0,237648.02169946767,155076.03307256964,1013849.7645710232,769681.8276011287,45554.03360809432,34800.000000005195,1125577.1203850014,731060.1450979874,514447.8456448178,7551001.05185597,0.0,0.0,224349.20246647004,643270.2571330133,0.0,0.0,0.0,1244835.6,231601.77453050617,38224.277125682216,23188077.617981263,331307.4716559701,7952.963261440373,163379.31718363022,5557303.463232528,482059.20124604704,4032365.724416805,0.0,0.0,462677.72296297096,11246.783396575374,0.0,0.0,0.0,4486996000000.0,4482611200000.0,4482610939978.576,4482526036642.193,4482605269877.654,321895588204.8148,4482611200000.0,42870599048.15442,4482611200000.0,4482611200000.0,0.0,0.0,301887429905.4145,4482610939978.576,57381496359.0,386432.0,46239.0,44409.0,1830.0,90648.0,2479.9443542144245,2842.967463760357,3726.199404218728,3818.6601053249033,"Fayetteville, NC",22180.0,3.7,3.5,3.3,3.2,3.2,3.3,3.3,3.3,3.3,3.3,3.3,3.2,3.1,3.0,3.1,3.1,3.1,3.1,3.1,3.0,3.0,3.1,3.2,3.2,3.2,3.3,3.5,3.5,3.6,3.6,3.7,3.6,3.5,3.4,3.4,3.3,2.9,2.9,2.9,3.0,3.2,3.6,4.0
22220,"Fayetteville-Springdale-Rogers, AR-MO",Arkansas,0.0,0.0,916753.1674337012,1349853.6119879163,75030.46754719259,5034131.762761557,3677.113662714454,110286.49749738292,98507.81810563336,1801096.124726947,7359233.814283995,5711112.988473367,15553253.994936224,0.0,0.0,311139.9166790127,605415.8969638138,0.0,0.0,23714.330202634763,4065385.9,3725541.063758121,2798.9820819724955,295752.70903730683,11061038.906710714,226348.0435505536,118770.77816863378,3291814.020977258,2024120.4230351404,4567411.514178363,0.0,0.0,14513275.03135205,3032842.1039275383,0.0,0.0,6608067600000.0,6612324800000.0,6608067600000.0,6608067600000.0,6570321237799.728,6606695573084.107,1643941406990.716,6608067600000.0,175492536196.23532,6608067600000.0,6608067600000.0,0.0,0.0,504037416222.26666,6608067600000.0,95114418205.0,569661.0,27035.0,21589.0,5446.0,48624.0,2006.9683604880272,1779.8174063650465,2706.193636826456,2658.193371446103,"Fayetteville-Springdale-Rogers, AR-MO",22220.0,4.0,4.0,3.9,3.9,3.6,3.7,3.6,3.4,3.2,3.1,3.1,3.0,3.1,3.1,3.2,3.3,3.3,3.2,3.1,3.0,3.0,3.1,3.1,3.1,3.3,3.5,3.4,3.4,3.3,2.9,2.8,2.5,2.8,2.9,2.9,3.0,3.1,3.2,3.3,3.3,3.4,3.9,4.7
22380,"Flagstaff, AZ",Arizona,36919.52184,0.0,163016.1770067811,1072699.1903111776,5069.65175704747,6199.450070825768,0.0,86569.30588679705,44205.373861501896,2729415.7573374803,8563462.78570653,17187.576252241008,105760.95546264104,0.0,0.0,6949.739766904685,211772.37002113904,47.483807,0.0,5680.8065483129,3561243.0,4427.351583627612,4.821444869404054,0.0,451.8682212950118,395053.5274114837,35844.3130668808,2784077.9520327942,1654.271119773343,151456.5934766865,0.0,0.0,20221567.69787592,6230.569431255947,58000000.0,0.0,1296815588311.3933,1683171600000.0,1677696400000.0,323950818805.1994,0.0,1677696400000.0,508358289782.41376,1677696400000.0,84207110948.88718,1677696400000.0,1677696400000.0,0.0,0.0,306113374429.9003,1677696400000.0,29200809809.0,144629.0,19140.0,12983.0,6157.0,32123.0,1423.1219202865227,1226.5431097193446,1897.497035570807,1860.3953880828667,"Flagstaff, AZ",22380.0,3.2,3.2,3.1,3.3,3.3,3.3,3.3,3.3,3.2,3.2,3.1,3.1,3.1,3.2,3.3,3.6,3.7,3.7,3.7,3.6,3.6,3.8,4.0,4.3,4.8,5.7,6.5,6.4,5.9,5.5,5.1,4.8,4.5,4.7,4.9,5.1,5.2,5.3,5.6,5.7,6.0,6.7,7.9
22420,"Flint, MI",Michigan,0.0,0.0,595053.1514263388,70110.53952842977,77364.7492628697,1462006.4845473282,1063.8865565270823,10744.997405004067,17399.999999999454,593135.172359673,520899.26792522246,230865.8152173252,14762990.935580956,0.0,0.0,2326.243747602628,6262.9401121188685,0.0,0.0,2260.1201515471566,241457.9,174541.42656394702,7334.809402248768,105082.96390425909,399044.2458985316,4500.000000000001,18112.26334654116,345620.954215939,5545652.999817484,10778722.18655446,0.0,0.0,22675.025135711174,31528.0363871967,0.0,0.0,4709820304967.695,4712047600000.0,4709820400000.0,4709820304967.696,4704908962448.976,4709676454930.973,124387972824.144,4709820400000.0,56990788685.3774,4709820400000.0,4709820400000.0,0.0,0.0,223313090969.372,4709820304967.696,72988051320.0,406019.0,13520.0,18051.0,-4531.0,31571.0,1296.096447028538,1364.7307426741731,1918.2669261601732,1844.8612413945932,"Flint, MI",22420.0,1.7,1.8,1.6,1.5,1.4,1.3,1.4,1.5,1.6,1.6,1.7,1.7,1.8,1.7,1.7,1.8,1.9,2.0,2.1,2.2,2.3,2.4,2.6,2.7,2.8,2.9,2.8,2.6,2.4,2.3,2.1,1.9,1.8,1.9,2.1,2.2,2.2,2.3,2.3,2.4,2.5,2.8,3.2
22500,"Florence, SC",South Carolina,0.0,0.0,0.0,1622258.8809021171,125508.55629496176,1452157.0394764708,901692.0868655192,98267.13615721212,34800.000000002634,989327.7179790776,343277.3454125532,841258.4347220332,6553672.049865855,0.0,0.0,32205.48706938491,465782.5100194403,0.0,0.0,0.0,4380032.2,903243.0557154987,16890.59442478043,40251296.89655463,951119.958567031,9000.000000000016,105093.00662162802,464078.34663271735,461918.8810016573,4505699.548951524,0.0,0.0,246772.11548954665,10593.710779519384,0.0,0.0,0.0,2319582400000.0,2316902800000.0,2316902800000.0,2316801344134.464,2316902800000.0,294105405079.89264,2316902800000.0,24120733173.16769,2316902800000.0,2316902800000.0,0.0,0.0,154872323664.24365,2316902800000.0,36572405981.0,199733.0,6869.0,8185.0,-1316.0,15054.0,947.7805653208976,1034.8294545479462,1383.689632829559,1423.6432137301815,"Florence, SC",22500.0,2.6,2.7,2.7,2.6,2.5,2.5,2.5,2.5,2.4,2.4,2.3,2.3,2.4,2.4,2.4,2.4,2.4,2.4,2.4,2.5,2.4,2.6,2.7,2.7,2.8,2.8,2.8,2.8,3.0,2.9,2.9,3.0,3.3,3.2,3.1,3.3,3.4,3.3,3.3,3.2,3.5,3.7,4.1
22520,"Florence-Muscle Shoals, AL",Alabama,0.0,0.0,465960.9659240896,1721229.1889048847,132622.20183512344,1354581.010112825,9131.593114238927,38658.91972225608,34800.00000000032,938713.7922591908,1471984.7202205264,1537504.3920319858,6439160.390414272,0.0,0.0,1551.3271452754118,70631.09991132934,0.0,0.0,2017.5383290171285,5137296.699999999,81523.60073755452,12711.064230143871,619143.829471102,184623.2492439341,8999.999999999989,32003.481478741385,238959.7816804646,1058136.08180734,4751377.740236922,0.0,0.0,13806.330490155186,11587.765939792933,0.0,0.0,1747447200000.0,1749175600000.0,1747447200000.0,1747447200000.0,1742394069272.1653,1747444707728.4053,478643935195.6086,1747447200000.0,29905760083.99899,1747447200000.0,1747447200000.0,0.0,0.0,157836864396.65314,1747447200000.0,29033732843.0,150642.0,7469.0,5220.0,2249.0,12689.0,1284.05918866694,806.356000783773,1499.3105082003528,1532.899540087347,"Florence-Muscle Shoals, AL",22520.0,3.1,3.0,2.8,2.8,2.9,2.8,2.8,2.8,2.7,2.5,2.4,2.3,2.3,2.4,2.4,2.5,2.4,2.5,2.5,2.6,2.7,2.9,2.9,2.9,2.9,2.9,3.0,3.0,3.1,3.1,3.1,2.9,2.8,2.7,2.8,2.9,3.0,3.0,3.1,3.2,3.2,3.6,4.3
22540,"Fond du Lac, WI",Wisconsin,0.0,0.0,1089708.277554204,13135.779232033732,87411.87717788729,598496.1388322131,71.09317172000026,739.2253633366846,17399.999999999804,52129.88861688848,448705.7643473794,41411.45968033403,3200381.339660576,0.0,0.0,9557.261809651189,196353.4415383112,0.0,0.0,216.485795718582,56437.6,18549.536579568092,1845.9353389796447,22444.56448246043,6973.068045363901,4500.000000000002,94594.22410893955,317198.3578546117,1368113.6712539576,3891218.5272311503,0.0,0.0,168935.93053028395,1257.541804632683,0.0,0.0,1207014800000.0,1208186400000.0,1207014800000.0,1207014800000.0,1207014800000.0,1207014800000.0,161353668566.44635,1207014800000.0,73638312546.55354,1207014800000.0,1207014800000.0,0.0,0.0,58719092804.52824,1207014800000.0,30998382007.0,104053.0,5619.0,4351.0,1268.0,9970.0,768.2239256883373,648.1620167828411,995.5546192951948,1014.971428169286,"Fond du Lac, WI",22540.0,1.9,1.8,1.7,1.8,1.7,1.7,1.7,1.7,1.6,1.6,1.6,1.6,1.6,1.6,1.6,1.7,1.8,1.8,1.8,1.8,1.8,1.8,1.9,1.9,2.0,2.1,2.1,2.1,2.1,2.0,2.0,1.9,1.9,2.2,2.2,2.1,2.1,2.2,2.3,2.2,2.3,2.6,2.7
22660,"Fort Collins, CO",Colorado,279137.84117208613,0.0,3086555.8821660755,91992.48193252111,847704.0871930132,0.0,0.0,135240.88244456812,87277.7737363927,5159104.669242708,3393036.620541722,1708427.1447643149,3297843.020014299,0.0,0.0,70426.40678047948,25885.597553232292,0.016666711998333,0.0,4544.199704941496,685457.6,18707130.678983,0.0,0.0,55232.43481586689,637016.0415253991,17151.150964260454,21934704.908981822,252301.89533015585,6851874.921163391,0.0,0.0,8243693.754218698,143230.5605901652,58000000.0,0.0,4161987200000.0,4165165600000.0,4161987200000.0,0.0,0.0,4161987200000.0,385839762454.79694,4161987200000.0,36257168401.32085,4161987200000.0,4161987200000.0,0.0,0.0,381370084638.3952,4161987200000.0,64104917711.0,358792.0,31790.0,26716.0,5074.0,58506.0,1961.9653411821523,1818.2068089191612,2681.047742954235,2668.215133755148,"Fort Collins, CO",22660.0,4.1,3.9,3.7,3.9,3.8,3.8,3.7,3.6,3.4,3.2,3.2,3.2,3.2,3.4,3.8,3.8,3.9,3.8,3.8,3.9,4.1,4.3,4.6,4.7,4.9,4.9,5.0,4.8,4.7,4.6,4.5,4.5,4.5,4.7,4.8,5.1,5.3,5.5,5.6,5.5,5.7,6.6,7.7
22900,"Fort Smith, AR-OK",Arkansas,0.0,0.0,3141314.553717969,579531.2103305974,83529.70571089492,8017128.248863812,3053.188433206975,31912.243979335508,69600.00000000004,538873.8105366584,2794185.864672588,1235944.3944793984,12828353.41056513,0.0,0.0,521948.6993336953,326990.98927410145,0.0,0.0,8056.161474762929,1901670.1,835323.8696448547,11997.261638203305,211892.97739981665,216953.0109633707,118500.00000000032,58111.316324234846,680866.4908827421,822622.2738670558,5803332.114829127,0.0,0.0,11703958.631512484,2284923.915279808,0.0,0.0,3190870000000.0,3193967200000.0,3190870000000.0,3190870000000.0,3180113222800.6147,3190540557497.4707,913342451210.4896,3190870000000.0,126847542179.52888,3190870000000.0,3190870000000.0,0.0,0.0,267895103447.07013,3190870000000.0,46422321769.0,275075.0,11564.0,9988.0,1576.0,21552.0,1420.980295429884,1067.8099081765442,1740.588118998863,1813.368412650888,"Fort Smith, AR-OK",22900.0,2.9,2.8,2.6,2.8,2.6,2.6,2.6,2.5,2.3,2.3,2.2,2.2,2.3,2.3,2.3,2.4,2.4,2.4,2.4,2.4,2.4,2.5,2.5,2.6,2.7,2.7,2.8,2.8,2.8,2.9,2.9,2.9,2.9,2.8,2.8,2.9,2.9,2.9,2.9,2.9,2.9,3.3,3.9
23060,"Fort Wayne, IN",Indiana,0.0,0.0,1786968.6959633403,170847.19906407254,20069.15354202568,971653.0208059882,1521.4970826027995,15263.24856107237,46965.673452398776,670140.3030786511,1185449.8128902458,2281901.0972397323,9057526.443297612,0.0,0.0,8730.599749041225,78233.49608253398,0.0,0.0,15867.340037028383,1597308.3,791112.5806229583,12367.339877470908,151410.932507704,8646.662531754924,12279.181369603097,43166.40767053871,912214.0107421452,2515561.8468639534,13339292.957866715,0.0,0.0,91313.9936359249,88917.46080850561,0.0,0.0,5191475600000.0,5194259600000.0,5191475600000.0,5191475600000.0,5142893799014.431,5190949119472.314,117352601640.55637,5191475600000.0,114971987268.4012,5191475600000.0,5191475600000.0,0.0,0.0,1444675146839.0696,5191475600000.0,82044207866.0,447541.0,15917.0,17352.0,-1435.0,33269.0,1370.813262264412,1425.661600801537,1952.061218302336,2002.7893049444815,"Fort Wayne, IN",23060.0,2.6,2.6,2.4,2.3,2.2,2.2,2.2,2.2,2.1,2.1,2.0,2.1,2.1,2.0,2.0,2.1,2.1,2.1,2.1,2.1,2.1,2.1,2.2,2.2,2.2,2.3,2.2,2.0,1.9,2.0,2.1,1.9,2.2,2.2,2.2,2.3,2.4,2.5,2.6,2.7,2.8,3.0,3.4
23420,"Fresno, CA",California,36919.52184,0.0,0.0,18012298.811330136,162010.2350183351,9527107.477243232,0.0,0.0,50148.01712971138,58178.58899783144,5744814.578767749,12239.121169658663,205134.3441267392,0.0,106.0521166859304,18059.518996379076,363.22447826413935,47.483807,0.0,0.0,70178521.8,5065.215021430408,1324.8979844711123,0.0,0.0,268906.85849723493,68842.95822419318,8759895.851266969,5122.1622196331855,993948.7476612404,0.0,3822.4061527790286,11320001.951301832,433.5310211652612,58000000.0,0.0,0.0,11700386400000.0,11692150400000.0,11692148767521.213,0.0,0.0,325415100359.64764,11692150400000.0,163638422502.932,11692150400000.0,11692150400000.0,0.0,2269797196.354212,292905732132.8858,189219200000.0,160307002371.0,1007944.0,28896.0,27786.0,1110.0,56682.0,2140.060279524855,1937.4878064132429,2868.5775220481664,2905.230111368117,"Fresno, CA",23420.0,3.7,3.8,3.6,3.4,3.3,3.2,3.2,3.1,3.0,2.9,3.0,3.1,3.2,3.2,3.1,3.0,2.9,2.8,2.8,2.7,2.7,3.2,3.7,4.5,5.6,6.7,6.4,5.9,4.3,3.1,3.3,3.1,3.4,4.1,4.4,4.7,4.8,4.9,5.0,4.9,5.1,5.8,6.2
23460,"Gadsden, AL",Alabama,0.0,0.0,0.0,326729.6043538796,4524.500877529862,773639.1548119866,9954.283291686292,14901.456011010856,24462.58630458253,103662.77178708884,18284.026441298087,766257.6373474419,8273783.579974197,0.0,0.0,623.1411667716654,19030.868152851934,0.0,0.0,0.0,1480103.3,43208.62953260917,3199.407445840696,586195.7469633517,2930.331316002937,131579.64514194123,38364.02372317626,20414.79676087709,274188.3333600841,6998900.025449655,0.0,0.0,5406.258143812516,5222.845812600578,0.0,0.0,0.0,1199857600000.0,1198512000000.0,1198512000000.0,1198507978169.151,1198020469465.2793,379074407871.3368,1198512000000.0,30311542351.47504,1198512000000.0,1198512000000.0,0.0,0.0,58239430374.68623,1198512000000.0,19000448926.0,103320.0,4339.0,4332.0,7.0,8671.0,704.2762242188785,655.6622606189867,971.1585864316908,953.7400065007234,"Gadsden, AL",23460.0,2.8,2.7,2.6,2.5,2.5,2.4,2.4,2.3,2.3,2.2,2.2,2.2,2.3,2.3,2.2,2.3,2.3,2.4,2.5,2.5,2.5,2.7,2.8,2.8,2.8,3.0,3.0,3.0,2.9,2.9,2.8,2.9,2.8,2.7,2.6,2.6,2.6,2.5,2.6,2.6,2.7,3.1,3.7
23540,"Gainesville, FL",Florida,0.0,221.33789303967208,27638.355543440262,149015.44802048695,186377.1354768184,0.0,1521705.3030748928,0.0,17399.999999999935,437529.8557729363,1942328.33742456,268972.2978428315,4890352.499017717,0.0,0.0,56893.39814011032,616.6550352233313,0.0,3199.212339164703,1555.0915678250478,368625.0,599.429520041583,0.0,45200523.93355301,0.0,104999.99999999908,56979.21339423542,121178.52083718768,26148.583982737506,2183034.256574584,0.0,0.0,12094135.45295571,1503.26776460461,0.0,11300840579.646591,3431396000000.0,3437451200000.0,3431396000000.0,0.0,3431360256525.344,0.0,713169681526.5913,3431396000000.0,157122601959.87427,3431396000000.0,3431396000000.0,0.0,0.0,806783926113.9886,206781600000.0,44757626140.0,295810.0,28076.0,25966.0,2110.0,54042.0,1940.8639828694847,1840.9130886600813,2639.9893939180893,2709.5344618587155,"Gainesville, FL",23540.0,3.2,3.3,3.4,3.3,3.3,3.2,3.2,3.2,3.2,3.3,3.5,3.4,3.5,3.6,3.6,3.6,3.7,3.7,3.7,3.7,3.8,4.0,4.4,4.7,5.1,5.5,6.2,5.8,5.2,4.5,4.6,4.0,4.0,4.0,4.0,3.9,4.2,4.4,4.5,4.5,4.6,5.1,5.5
23580,"Gainesville, GA",Georgia,0.0,0.0,0.0,353285.9836634496,72426.30038459945,0.0,14833.222075631968,28476.63046460985,17400.000000000044,1136407.4772250047,137395.06448579815,84440.8306798668,5546546.023283784,0.0,0.0,604.2612222592,460272.4094495229,0.0,0.0,0.0,1489996.1,1384552.294413415,0.0,789954.8514187629,196027.0914757228,105000.00000000016,152126.98677498303,75856.01654049272,288625.1144594234,4435376.293444147,0.0,0.0,67460.86940383773,12770.711118747173,0.0,0.0,0.0,2356377600000.0,2353094800000.0,0.0,2353094800000.0,2352322631623.185,1247316211659.3535,2353094800000.0,18769812744.863297,2353094800000.0,2353094800000.0,0.0,0.0,126550608198.59172,2353094800000.0,35729056393.0,202853.0,12759.0,9561.0,3198.0,22320.0,1381.9981910263125,1263.683109011116,1847.5015561563132,1897.887773289032,"Gainesville, GA",23580.0,3.1,3.2,3.2,3.1,3.1,3.0,3.0,3.0,2.9,2.9,2.9,2.9,2.8,2.8,2.7,2.7,2.8,2.8,2.9,2.9,3.0,3.2,3.4,3.5,3.6,3.8,3.9,4.0,3.9,3.9,3.7,3.4,3.3,3.2,3.3,3.3,3.3,3.4,3.5,3.6,3.7,4.4,5.6
23900,"Gettysburg, PA",Pennsylvania,0.0,0.0,78666.62162295905,30038.74742153312,519.7536428498995,385715.6368307557,95376.85358325744,33569.33751381265,17399.999999999924,498630.9053003512,63318.42064830122,1029718.791946238,208201.75907311676,0.0,0.0,2436.995978873995,67224.04644295767,0.0,0.0,203.06159839183675,121530.9,4330.362028173503,0.331315226811554,3804996.2643898176,35379.03267445946,4500.00000000001,3913.4301301603327,47358.33771003661,123682.56417833728,798690.2678845203,0.0,0.0,25300.72973650568,36407.59226396478,0.0,0.0,1204045001194.328,1204683200000.0,1204045200000.0,1204045001194.328,1204032289996.8767,1203714961724.27,183296237496.2203,1204045200000.0,23168857483.88677,1204045200000.0,1204045200000.0,0.0,0.0,402027807042.07886,1204045001194.328,20451793058.0,103797.0,5851.0,6339.0,-488.0,12190.0,598.6000334112921,831.537130860673,1049.1587105867252,1000.4154137157224,"Gettysburg, PA",23900.0,2.4,2.3,2.3,2.2,2.1,2.1,2.2,2.4,2.5,2.5,2.5,2.5,2.6,2.5,2.5,2.5,2.5,2.5,2.5,2.4,2.5,2.6,2.7,2.7,3.1,3.5,3.9,3.8,3.8,3.6,3.6,3.5,3.4,3.2,3.1,3.1,3.1,3.1,3.1,3.1,3.1,3.3,3.7
24020,"Glens Falls, NY",New York,0.0,0.0,205381.591021479,85222.7859085321,55748.74454384137,145573.63572433,28944.537067036486,34026.306954113206,55512.66774177851,585774.3730642135,342499.5462253757,275337.1034002204,1163363.6679182549,0.0,0.0,2811.855427381515,38447.08530738149,0.0,0.0,1949.165029729771,475068.9,20111.687152512364,0.145329349722011,1586566.3120793805,342963.13651199185,343998.0704408812,40886.37423435516,2366613.738580831,220096.7050710026,531094.8118502784,0.0,0.0,34898.08411426956,8519.847288420624,0.0,0.0,1472875200000.0,1473652400000.0,1472875200000.0,1472875200000.0,1472493011396.441,1472213312439.309,663204293280.4598,1472875200000.0,28823870121.517174,1472875200000.0,1472875200000.0,0.0,0.0,241741361646.08865,1472875200000.0,27543191194.0,126972.0,5742.0,6870.0,-1128.0,12612.0,640.3249175223466,865.7361029782691,1076.168667077796,1077.4117133204002,"Glens Falls, NY",24020.0,2.1,2.1,2.2,2.1,2.3,2.5,2.8,3.0,3.0,2.8,2.8,2.7,2.6,2.5,2.4,2.3,2.2,2.1,2.1,2.1,2.1,2.2,2.5,2.7,2.9,3.4,3.5,3.6,3.4,3.1,2.9,3.0,3.0,3.0,3.1,3.1,3.1,2.9,2.8,3.0,3.2,3.5,3.6
24140,"Goldsboro, NC",North Carolina,0.0,0.0,0.0,45721.807492908,199372.50372809987,936346.9665603316,531320.7633387399,11361.206979156845,17399.999999999305,346802.18735592667,1348443.854484334,235896.6752724644,3158612.136557907,0.0,0.0,6132.358389697821,217577.288310776,0.0,0.0,0.0,291939.1,568338.0279810189,17388.19214547661,32086422.93682892,128117.99392047036,4499.999999999985,61419.02817373326,11940551.41394779,265946.5298681765,1582646.2033834727,0.0,0.0,19787.63631625747,1076.7189363393943,0.0,0.0,0.0,1361062800000.0,1353488000000.0,1353488000000.0,1353486509083.4255,1353488000000.0,73914413826.14417,1353488000000.0,63052860673.37434,1353488000000.0,1353488000000.0,0.0,0.0,212476008568.9059,1353488000000.0,27174724199.0,116680.0,7412.0,7835.0,-423.0,15247.0,1128.1241066478458,1137.7917208347053,1545.434243182155,1656.6119038567845,"Goldsboro, NC",24140.0,3.6,3.4,3.3,3.1,3.1,3.1,3.1,3.0,2.9,2.8,2.8,2.8,2.9,2.8,2.8,2.9,2.9,2.9,2.9,2.8,2.9,3.0,3.0,3.0,3.0,3.0,3.0,3.0,2.9,2.9,2.9,2.8,2.8,2.9,2.8,2.8,2.7,2.6,2.7,2.6,2.5,3.0,3.7
24220,"Grand Forks, ND-MN",Minnesota,0.0,0.0,1400662.7626243047,2187.2157328749468,14296.069102231755,574153.5165572093,0.0,350682.67313808674,34799.99999998658,44396.27607948761,650885.1395244743,483555.01623177633,324060.90393251635,0.0,0.0,14383.032186419532,34433.56424430988,0.0,0.0,25008.807723115828,9515.0,3365905.378147948,5865.813319752857,0.0,1095626.9472300191,9000.000000000011,35113.478710226584,12083532.282107197,3176386.2336282134,2768127.436420168,0.0,0.0,1915777.3856036824,848385.1616046298,0.0,0.0,1208662000000.0,1210599200000.0,1208662000000.0,1208662000000.0,0.0,1208616463001.3445,17905696869.30496,1208662000000.0,34681138746.898384,1208662000000.0,1208662000000.0,0.0,0.0,59339304088.07893,1208662000000.0,24812911871.0,104195.0,8477.0,7594.0,883.0,16071.0,816.115187948368,1073.7709252908649,1323.271325163513,1375.297422378156,"Grand Forks, ND-MN",24220.0,3.2,3.4,2.6,2.9,3.2,3.0,2.9,2.7,2.5,2.5,2.4,2.4,2.4,2.5,2.6,2.6,2.6,2.5,2.5,2.5,2.4,2.5,2.5,2.6,2.6,2.8,2.8,2.8,2.8,2.8,2.9,2.9,3.1,3.2,3.0,3.3,3.3,3.4,3.4,3.4,3.3,3.3,3.5
24260,"Grand Island, NE",Nebraska,0.0,0.0,12221.82855345262,7347.3093943646545,125838.8121927012,50649.43741752018,0.0,470789.1217564661,12602.514568741675,339821.6676157655,675225.2603072424,1739835.748708581,5468415.173248093,0.0,0.0,5.8576290954346,1075446.1880253146,0.0,0.0,258.21086550353334,63244.7,6841422.407523157,24890.64504724477,0.0,1656140.314395127,3598.571461384546,23219.75824260557,1729162.0034697182,3577526.755026346,5647807.827512159,0.0,0.0,27579.784720755477,609941.3580761823,0.0,0.0,1001996400000.0,1003017200000.0,1001996400000.0,1001996400000.0,0.0,1001377593671.3752,2520502913.748336,1001996400000.0,47158970895.95726,1001996400000.0,1001996400000.0,0.0,0.0,109464313451.58058,1001996400000.0,18065994185.0,86379.0,3112.0,5195.0,-2083.0,8307.0,649.0546972328295,730.848821576665,995.6344710786184,959.6223215411364,"Grand Island, NE",24260.0,2.6,2.5,2.4,2.4,2.2,2.1,2.2,2.0,1.9,1.9,1.8,1.7,1.7,1.8,1.9,1.9,2.0,2.1,2.1,2.1,2.2,2.3,2.3,2.2,2.2,2.2,2.2,2.2,2.1,2.2,2.1,2.1,2.1,2.1,2.1,2.2,2.2,2.3,2.6,2.6,2.7,2.8,3.1
24300,"Grand Junction, CO",Colorado,213085.24299147652,0.0,21328.49581282204,96557.75097583262,17215.79285790127,1120577.951406521,0.0,28125.197369809022,51540.69976611178,75557.39761504873,1300784.211057456,5675.0224496639485,90253.04244000968,0.0,0.0,153.31611893062887,342.96609636036703,42.11201583164885,0.0,8.241824440865338,542612.8,23367.615623030564,6389.6202323897005,0.0,90671.0041458456,16444.169291628576,7380.67435596475,59700.83046898161,6272.65880404444,88487.49866984822,0.0,0.0,1149363.844683134,87.3292230642377,58000000.0,0.0,26644043715.135174,1806154800000.0,1805505200000.0,1758073159719.4712,0.0,1805505200000.0,265184114743.128,1805505200000.0,18899920893.506016,1805505200000.0,1805505200000.0,0.0,0.0,144024610048.65887,1805504121502.876,28043980366.0,155647.0,10151.0,7844.0,2307.0,17995.0,1107.0740715959344,983.0366219017478,1463.1999179879692,1497.8918519038682,"Grand Junction, CO",24300.0,3.1,3.0,3.5,3.4,2.9,2.6,2.5,2.5,2.5,2.5,2.6,2.6,2.5,2.7,2.9,3.0,3.1,3.1,3.1,3.2,3.3,3.5,3.8,3.9,4.2,4.5,4.7,4.8,4.7,4.8,4.7,4.3,4.2,4.3,4.3,4.5,4.6,4.9,5.0,5.0,5.0,5.7,6.5
24340,"Grand Rapids-Wyoming, MI",Michigan,0.0,50.28617370478349,2027569.6279113623,247249.386549389,63438.28788094777,3331558.617903631,736.5711913995109,20584.47369592697,69600.00000000122,879254.64603375,993319.4074921504,5519957.790256083,18290251.24180783,0.0,0.0,17734.16831255001,1279817.4444168874,0.0,22045.14272940986,10096.31493020742,925185.5,1538230.0859080844,9326.121577400474,212115.4421167549,841950.8738203064,218999.99999999977,132650.47676739006,1628080.3546300577,10644736.07026179,19916662.234436613,0.0,0.0,200736.733900638,74810.41070098043,0.0,3864316907.430608,12563438000000.0,12565247600000.0,12563438000000.0,12563438000000.0,12462671293753.225,12563001195146.676,1941774370177.8823,12563438000000.0,135486679868.13846,12563438000000.0,12563438000000.0,0.0,0.0,2822175150352.51,12563438000000.0,210706222396.0,1083055.0,43816.0,40936.0,2880.0,84752.0,2372.306894143336,2020.1294512976144,3107.806943811021,3123.9987195900067,"Grand Rapids-Wyoming, MI",24340.0,1.9,2.0,2.0,1.9,1.8,1.8,1.8,1.8,1.8,2.0,2.1,2.1,2.1,2.1,2.0,2.0,2.1,2.2,2.2,2.3,2.4,2.5,2.6,2.7,2.7,2.8,2.7,2.6,2.0,1.7,1.9,2.0,2.2,2.4,2.5,2.6,2.7,2.9,3.1,3.2,3.3,3.7,4.2
24420,"Grants Pass, OR",Oregon,0.0,0.0,0.0,5387404.740828158,14781.898379822887,985468.8019407912,0.0,14040.343595690449,124871.9696444434,49462.84899513982,255903.62944976968,25592.66592512003,5834.071780818251,0.0,0.0,65032.43954769153,91177.09107333148,0.0,0.0,0.0,10707459.6,16273.131934828833,19308.821866746777,0.0,154.15712501705502,751646.9392030056,3546.6685341312977,2879839.5644344804,1056.3413229177772,8270.685251299132,0.0,0.0,6938229.994602692,204.87254597347243,0.0,0.0,0.0,1021844000000.0,1021171200000.0,1021171200000.0,0.0,1021171200000.0,424922155618.7157,1021171200000.0,52815667354.5494,1021171200000.0,1021171200000.0,0.0,0.0,189275255833.6798,1021171200000.0,15935420616.0,88032.0,5472.0,5151.0,321.0,10623.0,875.6403371247809,985.8605378044098,1307.5672066857596,1329.758624713523,"Grants Pass, OR",24420.0,4.2,4.0,4.0,3.9,3.7,3.6,3.5,3.3,3.2,3.3,3.5,3.7,3.9,4.0,4.0,4.1,4.1,4.0,4.0,3.9,4.0,4.4,4.8,5.4,6.3,7.6,8.2,8.0,7.5,6.9,6.1,5.7,5.5,5.8,6.2,6.6,6.7,6.9,6.9,7.0,7.3,8.6,9.6
24500,"Great Falls, MT",Montana,0.0,0.0,2532245.070265016,41393.65498697978,5029.244131080247,0.0,0.0,15237.772129266084,17400.00000000023,54250.08111263774,710538.7634752479,358328.3037707986,39314.62220052081,0.0,0.0,8653.158691132734,1265050.3147142364,0.0,0.0,5014.885551692157,251359.6,450.50709203445456,0.0,0.0,59735.26215571037,4500.000000000009,722.8884719378282,64221.36704858558,11503.564502030324,212942.5196389464,0.0,0.0,573595.793804207,8571.398942111387,0.0,0.0,978193200000.0,979202400000.0,978193200000.0,0.0,0.0,978193200000.0,204325066847.24115,978193200000.0,30971608451.185123,978193200000.0,978193200000.0,0.0,0.0,76147751094.51408,978193200000.0,18475746848.0,84327.0,5898.0,5661.0,237.0,11559.0,909.7713998582282,844.9455603765251,1229.0256303267236,1253.5748880701144,"Great Falls, MT",24500.0,2.7,2.6,2.7,2.6,2.9,2.8,2.8,2.6,2.6,2.5,2.5,2.4,2.4,2.6,2.7,2.8,2.8,2.8,2.8,2.7,2.8,2.9,3.0,3.1,3.2,3.4,3.5,3.7,3.8,3.9,3.9,3.9,4.0,4.1,4.0,4.1,4.1,4.1,4.1,4.1,4.1,4.4,5.1
24540,"Greeley, CO",Colorado,0.0,0.0,2378295.2190444884,60299.39756711776,838079.671911843,0.0,0.0,127575.54642752514,17399.999999998265,612776.6338418853,3387299.766435591,515259.3755457911,5006574.428255098,0.0,0.0,2424.57428929979,10773.084866088917,0.0,0.0,3144.602772053852,417246.4,1088997.538735067,0.0,0.0,45820.07748339955,4499.999999999996,49813.12513153978,9782792.852674164,253255.5774165576,9260796.500731872,0.0,0.0,272078.80999309453,178354.43846004448,0.0,0.0,3814080000000.0,3816179600000.0,3814080000000.0,0.0,0.0,3814080000000.0,51495399328.57926,3814080000000.0,58444275604.878204,3814080000000.0,3814080000000.0,0.0,0.0,137856097051.89316,3814080000000.0,51427069727.0,328800.0,27367.0,17106.0,10261.0,44473.0,1981.4345813071905,1421.0190005766988,2420.8855817654826,2456.1541075429286,"Greeley, CO",24540.0,3.2,3.2,3.4,3.4,3.2,3.1,3.1,3.0,2.8,2.7,2.5,2.5,2.5,2.6,2.8,2.9,3.0,3.0,3.1,3.1,3.2,3.6,4.0,4.2,4.3,4.4,4.4,4.0,3.9,3.7,3.5,3.7,3.6,3.5,3.5,3.8,4.2,4.5,4.7,4.8,4.8,5.1,5.7
24580,"Green Bay, WI",Wisconsin,0.0,1664.1846971075456,3371550.519120631,16550.530044640764,159655.93000355078,251671.4605071677,146.40352691999982,14501.57763709841,52199.9999999986,952739.6597170596,1367822.6110397766,377661.1318581816,5819629.147532967,0.0,0.0,5040.567750416754,421091.7962547324,0.0,437769.6571719012,3169.350433206804,82093.40000000001,503830.6369011632,4680.916778518668,45812.89434231909,31570.50175832956,114000.00000000023,67855.04747271378,181091.88718468303,534026.8168259157,7335934.274014907,0.0,0.0,91549.31135911724,54588.325396171495,0.0,93663763400.8286,3805380000000.0,3807908800000.0,3805380000000.0,3805380000000.0,3354116800000.0,3791814711111.743,376615738849.838,3805380000000.0,151276283222.74677,3805380000000.0,3805380000000.0,0.0,0.0,803079787448.832,3805380000000.0,98099377420.0,328050.0,13021.0,11870.0,1151.0,24891.0,1126.1358710208997,976.8024365243976,1533.4660087527209,1447.3797013914489,"Green Bay, WI",24580.0,2.6,2.4,2.1,2.3,2.2,2.1,2.0,2.0,2.0,2.0,2.1,2.0,2.2,2.3,2.4,2.3,2.4,2.5,2.5,2.4,2.5,2.6,2.7,2.8,2.9,3.2,3.1,3.0,2.8,2.7,2.6,2.6,2.6,2.6,2.7,2.6,2.6,2.7,2.8,2.9,3.1,3.5,3.8
24660,"Greensboro-High Point, NC",North Carolina,0.0,0.0,0.0,317598.6253675422,1506541.3987830505,573355.4465265865,298600.4076036702,165998.26122664136,52200.00000000013,1947497.0362161289,745417.7573847427,496928.8310998177,4916121.631936036,0.0,0.0,44121.958076417584,2531973.020197273,0.0,0.0,0.0,2000916.1,417272.8072716444,9097.691922291247,14011144.203474129,912052.0740971375,314999.9999999998,273123.28047348256,1465048.1520737691,458220.3606544992,6551433.606822134,0.0,0.0,118479.32686881704,111149.0311224484,0.0,0.0,0.0,9008165600000.0,9003560400000.0,9003560400000.0,9002700382481.402,9003534109198.37,2063406995220.7173,9003560400000.0,93276478026.7522,9003560400000.0,9003560400000.0,0.0,0.0,1480564397910.1838,9003560400000.0,144217591931.0,776169.0,38632.0,32561.0,6071.0,71193.0,2152.9744540983297,2229.749089023247,3046.0279053219456,3152.535487508428,"Greensboro-High Point, NC",24660.0,3.3,3.3,3.3,3.1,3.1,3.2,3.2,3.2,3.1,3.1,3.0,2.9,2.9,2.9,2.9,2.9,3.1,3.1,3.2,3.1,3.1,3.3,3.4,3.4,3.5,3.6,3.6,3.5,3.4,3.1,3.1,3.0,2.9,3.1,3.1,3.4,3.2,3.2,3.2,3.4,3.6,3.9,4.6
24780,"Greenville, NC",North Carolina,0.0,2072.9696780406343,0.0,44399.02232955409,242874.41553731327,1459470.8519482317,899521.1529856864,62004.335983304045,17400.000000013428,918396.4930613624,356229.51126783155,476352.669664712,5580025.645753281,0.0,0.0,2680.4382440954505,695078.4535870078,0.0,56176.268222799095,0.0,267361.8,46493.22128933116,17528.4685856521,44147041.47735097,361428.46637955954,4232.622428636644,17575.8624423835,33379.30947158147,45033.3118273319,3687935.883577473,0.0,0.0,25527.141044568747,202248.04562961543,0.0,103428797029.0625,0.0,1974818800000.0,1969053600000.0,1969053203738.432,1969053177016.404,1969053203738.432,5643513686.140761,1969053600000.0,93514214223.68336,1969053600000.0,1969053600000.0,0.0,0.0,219392933863.5872,1969053203738.432,32530016834.0,169746.0,20752.0,10167.0,10585.0,30919.0,1801.192938027462,1024.983902312617,2072.4678525854147,2072.490289482679,"Greenville, NC",24780.0,4.2,4.2,4.0,3.7,3.7,3.6,3.6,3.5,3.4,3.2,3.1,3.1,3.1,3.1,3.2,3.2,3.2,3.2,3.2,3.2,3.3,3.5,3.6,3.6,3.7,3.8,3.8,3.8,3.9,3.8,3.8,3.6,3.6,3.5,3.4,3.4,3.3,3.5,3.4,3.5,3.6,4.6,5.9
24860,"Greenville-Anderson-Mauldin, SC",South Carolina,0.0,0.0,10.975233272743042,2418945.964136861,207364.05129120284,204345.5823334717,166895.44647893074,265062.7745439109,74779.53772883932,569510.7727592734,1168162.1477096244,4961235.425142093,14485582.692817677,0.0,0.0,2151.632753669832,10792.20808606665,0.0,0.0,0.07743003213823,10687856.5,84835.30630391001,883.7117295436472,8546025.000132678,5760750.191483287,396752.2020566103,330426.9687631335,595913.9735426457,1403280.7498904138,12380958.12773564,0.0,0.0,144829.79966101103,5440.074624305064,0.0,0.0,1113030368.6970968,10767062000000.0,10762224800000.0,782652000000.0,10732576268498.293,10761499384250.318,2983321919036.292,10762224800000.0,91985104387.71117,10762224800000.0,10762224800000.0,0.0,0.0,950658791782.711,10760677491274.09,179952014007.0,927778.0,43622.0,36931.0,6691.0,80553.0,2315.987478377204,2131.445518890877,3172.4473202876043,3123.2118083793166,"Greenville-Anderson-Mauldin, SC",24860.0,2.6,2.7,2.6,2.6,2.5,2.5,2.5,2.5,2.5,2.6,2.6,2.7,2.9,2.9,2.9,2.9,3.3,3.4,3.2,3.1,3.2,3.2,3.3,3.4,3.3,3.5,3.6,3.5,3.5,3.2,3.4,3.3,3.4,3.6,3.6,3.7,3.7,3.7,3.9,3.9,4.0,4.5,5.2
25020,"Guayama, PR",Puerto Rico,0.0,2098.489908540258,0.0,3468092.4762023045,983.4717288084904,0.0,1535247.6867618174,0.0,52199.99999999834,0.0,71643.58920162986,173.19602485519027,11636.905930459176,218.03326603510905,0.0,0.0,0.0,0.0,1544633.8290852332,0.0,5455251.3,120.61480155967143,0.0,48002234.13594031,0.0,13499.999999999987,0.0,470118.0568569813,12.21309248957066,11438.895468751078,761.4402847163383,0.0,0.0,0.0,0.0,38411223742.1918,0.0,793927200000.0,792152400000.0,0.0,791974567236.7634,0.0,128689911462.58102,0.0,88390525454.99225,792152400000.0,792152400000.0,42015723616.66982,0.0,0.0,0.0,9952346876.0,68289.0,2597.0,2914.0,-317.0,5511.0,629.6943703099147,559.1565076076644,850.8248938530184,834.0899232097221,,,,,,,,,,,,,,,,,,,,,,,,,,,,,,,,,,,,,,,,,,,,,
25060,"Gulfport-Biloxi-Pascagoula, MS",Mississippi,0.0,289450.99486079166,0.0,177149.62387396576,276250.1815453096,3041772.132011672,11186754.126089284,112398.87829929648,46590.1754183743,2875042.3613134846,7531739.09355424,1196142.5197549015,10979706.840126084,0.0,0.0,1343155.6441453537,144413.76981374266,0.0,10052610.173762256,0.0,677446.1,745328.9631917053,341.7318166084569,214801069.92807955,1009.5102766260854,13499.999999999978,97976.29156124266,688484.222120436,92047.88039936362,5798724.175868817,0.0,0.0,11655750.791313767,127.1153568918416,0.0,1828253702042.1423,0.0,4615941600000.0,4610408400000.0,4610408300295.448,4610392135094.785,4583171300017.973,30504369474.494484,4610408400000.0,995790713411.904,4610408400000.0,4610408400000.0,0.0,0.0,510066032498.9204,4610408300295.448,68780928487.0,397449.0,24086.0,20561.0,3525.0,44647.0,2164.3162892701243,1873.741177430864,2916.2362730066984,2808.611222650796,"Gulfport-Biloxi-Pascagoula, MS",25060.0,3.6,3.1,3.0,3.1,3.1,3.2,3.1,2.9,2.7,2.5,2.4,2.3,2.3,2.3,2.4,2.4,2.5,2.5,2.5,2.5,2.5,2.6,2.7,2.8,2.9,3.2,3.5,3.5,3.1,3.0,2.8,2.4,2.3,2.5,2.6,2.8,2.8,2.8,2.9,3.1,3.4,3.5,3.8
25180,"Hagerstown-Martinsburg, MD-WV",Maryland,0.0,0.0,314525.13048846053,63484.10086738536,1522.1413488429664,1118776.949398118,187867.11187973345,69869.83739421598,39002.16183894139,439045.0606825773,713462.8574537376,1262860.888337464,1240417.1733261826,0.0,0.0,5785.36261681689,296529.1041598129,0.0,0.0,764.7713132335086,256650.9,6644.713493363757,0.450609826263688,7059977.604154243,89249.31853748277,229867.4338848428,18283.60412332793,1630354.4620798926,551374.6993274289,1502437.2764042204,0.0,0.0,53213.75442582404,3077.304543679914,0.0,0.0,3209286818407.184,3210659600000.0,3209290800000.0,3209286818407.184,3207952017629.9688,3199856672624.645,875412894667.168,3209290800000.0,42091353329.25827,3209290800000.0,3209290800000.0,0.0,0.0,325713921708.1355,3209286818407.184,51349894726.0,276663.0,15221.0,12395.0,2826.0,27616.0,1578.0275662991442,1166.0381640409546,1904.5842065920845,2019.0386326170185,"Hagerstown-Martinsburg, MD-WV",25180.0,2.4,2.5,2.5,2.4,2.4,2.3,2.4,2.6,2.7,2.9,2.9,2.9,3.0,3.0,2.9,2.8,2.8,2.7,2.7,2.7,2.6,2.7,2.9,3.2,3.6,4.4,4.4,4.0,3.6,3.1,2.8,2.5,2.5,2.7,2.7,2.7,2.8,2.8,3.0,3.0,3.3,3.6,3.8
25220,"Hammond, LA",Louisiana,0.0,21059.819522926817,0.0,76026.09264087096,119617.08265143396,546706.534714776,2435066.6044975994,314793.38116023486,17399.999999999447,1222499.8160456074,1534544.0742488897,399966.85252939287,3289273.5624238905,0.0,0.0,24301.28543885403,142153.7380534505,0.0,833417.5640136607,0.0,269477.0,1028.1636171987789,343.5236432870287,56651222.35132874,340706.4662757908,4499.999999999985,23507.847725329662,26953797.92347077,40934.39037031858,1764384.4184953764,0.0,0.0,200156.72094376804,1840.68414576834,0.0,120941363178.35544,0.0,1544621200000.0,1541152800000.0,1541152800000.0,1541151549585.191,1541152800000.0,21930386804.373703,1541152800000.0,321835805442.3905,1541152800000.0,1541152800000.0,0.0,0.0,76535269142.17198,1541152800000.0,20728581865.0,132858.0,6553.0,5825.0,728.0,12378.0,985.2578342748664,972.3708140416392,1371.9482497528834,1397.1173894845058,"Hammond, LA",25220.0,3.9,4.0,4.2,4.2,4.2,4.0,4.1,3.9,3.7,3.5,3.3,3.1,3.0,3.0,3.0,3.1,3.1,3.1,3.2,3.2,3.2,3.4,3.5,3.6,3.6,3.8,4.4,4.5,4.3,4.1,4.0,4.0,3.9,3.9,3.7,3.8,3.8,3.7,3.7,3.8,3.8,3.8,4.2
25260,"Hanford-Corcoran, CA",California,0.0,0.0,0.0,4569965.921570111,32346.588129492076,3647530.430389779,0.0,0.0,17444.814401621556,51693.89515486748,632099.3217658338,7030.978449770823,21454.974429626283,0.0,0.0,36.221383711680176,0.0,0.0,0.0,0.0,14358753.4,3755.615324450665,263.3228780019017,0.0,0.0,20856.197197170863,5616.54375106642,1245769.9358766384,1875.123128128918,98903.23895669408,0.0,0.0,69714.35337368163,0.0,0.0,0.0,0.0,1768837600000.0,1766204400000.0,1766204119378.252,0.0,0.0,10033601406.423624,1766204400000.0,73585900734.49736,1766204400000.0,1766204400000.0,0.0,0.0,2541550530.925747,0.0,21581782286.0,152259.0,11408.0,9667.0,1741.0,21075.0,1137.6919618244651,996.9363068922707,1531.642255880922,1495.0913015598746,"Hanford-Corcoran, CA",25260.0,2.5,2.6,2.5,2.4,2.3,2.4,2.5,2.6,2.9,3.1,2.9,2.9,2.8,2.6,2.5,2.3,2.2,2.2,2.4,2.5,2.7,2.9,3.5,3.9,4.5,5.0,5.6,5.0,4.2,3.5,3.6,2.9,3.0,3.5,3.8,3.9,4.0,4.0,4.1,4.2,4.4,5.0,5.2
25420,"Harrisburg-Carlisle, PA",Pennsylvania,0.0,0.0,423308.72629738017,150676.649817365,107670.36024928906,1588148.335254543,345310.494176232,145508.68680766248,66950.6908677716,1770540.4847635287,3220813.983963043,3805258.947589519,2172741.4794162605,0.0,0.0,5714.581248979589,489866.8377064656,0.0,0.0,1243.5707822108764,594616.8,90061.45711165247,2.310897052551883,14907993.662201826,101320.15285518776,249070.4031037716,22418.74735734116,17593645.554884404,343368.507450689,4298448.207027125,0.0,0.0,99668.96973835872,259368.97963877916,0.0,0.0,6856168020003.487,6863859200000.0,6856168400000.0,6856168020003.488,6852971080198.421,6851765286724.064,2395159709285.3096,6856168400000.0,214981468994.78345,6856168400000.0,6856168400000.0,0.0,0.0,1445605307170.3608,6856168020003.488,125248950680.0,591049.0,33681.0,27698.0,5983.0,61379.0,2795.5945700333587,1739.3720131127786,3296.557901812131,3289.5638008708693,"Harrisburg-Carlisle, PA",25420.0,2.6,2.6,2.8,2.5,2.4,2.4,2.4,2.4,2.4,2.4,2.4,2.4,2.4,2.4,2.5,2.4,2.4,2.4,2.4,2.3,2.3,2.4,2.5,2.5,2.6,2.7,2.8,2.9,2.9,2.8,2.8,2.7,2.7,2.6,2.6,2.7,2.6,2.6,2.6,2.7,2.8,2.9,3.1
25500,"Harrisonburg, VA",Virginia,0.0,0.0,103236.99173511812,40808.33273561206,492.9345135817625,230617.9215845477,72269.53915220324,551.0779951412078,41308.33506786225,547227.7825310011,733763.889587505,687074.5441653822,240157.74070552585,0.0,0.0,3578.622641963596,95387.11681815378,0.0,0.0,246.0527371713309,165608.2,106213.04230805003,0.053200608965026,2815058.1104202485,17278.009512922574,137454.9212063262,24746.58396117364,2915860.9020109465,349913.36662160704,480380.2202903263,0.0,0.0,245324.1770138216,28030.153601799157,0.0,0.0,1571892651931.104,1572623600000.0,1571892800000.0,1571892651931.104,1571892651931.104,1571650581473.093,663149860317.9777,1571892800000.0,54154957710.93376,1571892800000.0,1571892800000.0,0.0,0.0,26619470430.06423,1571892651931.104,24654059520.0,135508.0,13000.0,8060.0,4940.0,21060.0,1090.8042904206052,938.9467503538208,1443.291030942824,1434.9428560050744,"Harrisonburg, VA",25500.0,4.2,4.0,3.7,3.6,3.5,3.3,3.1,3.1,3.3,3.3,3.3,3.3,3.4,3.4,3.4,3.4,3.5,3.5,3.5,3.4,3.4,3.4,3.5,3.6,3.8,4.4,4.7,4.7,4.6,4.6,4.3,4.2,4.0,4.0,4.1,4.1,4.1,4.1,4.0,4.0,3.9,4.2,4.8
25540,"Hartford-West Hartford-East Hartford, CT",Connecticut,0.0,387142.4740886684,262818.5117972534,476146.2079780228,86896.00393328539,1069180.434824621,686042.9278036314,408562.4866199761,59319.83541176202,1454768.4140607188,1478790.1803361163,1726557.9753057158,1800991.7664821586,0.0,0.0,7477.730232707776,85295.38206492126,0.0,1355473.10462095,4164.3969111160095,2227446.2,33692.691851786214,26.64115076021053,52831813.27437013,1189997.0826885663,370314.6666829696,49501.26249535903,712826.9265763344,477087.3531992429,7228489.843341109,0.0,0.0,87479.11424845725,46845.34223610174,0.0,160734546505.8523,14064929155094.031,14076959600000.0,14064930400000.0,14064929155094.031,14064424923649.027,14054102224155.352,5316319750766.623,14064930400000.0,301175461040.16345,14064930400000.0,14064930400000.0,0.0,0.0,504393307586.7508,14064929155094.031,233081350262.0,1212494.0,43545.0,48387.0,-4842.0,91932.0,2501.6772373749577,2722.227764166694,3656.34202448294,3736.570352609462,"Hartford-West Hartford-East Hartford, CT",25540.0,3.4,3.4,3.2,3.2,3.2,3.3,3.5,4.1,4.4,4.1,3.8,3.6,3.4,3.2,3.2,3.1,3.1,3.0,2.9,2.9,3.0,3.1,3.3,3.7,3.9,4.2,4.1,4.1,3.7,3.5,3.7,3.5,3.4,3.3,3.2,3.1,3.2,3.1,3.1,3.1,3.3,3.6,3.8
25620,"Hattiesburg, MS",Mississippi,0.0,0.0,0.0,144859.85634695683,228586.5321753632,482195.98138684325,529869.828178808,56500.29739715758,61701.22756417238,1478607.5507396597,941531.5636814598,689176.7546939842,6709828.990170417,0.0,0.0,123849.84914436028,186974.0259840972,0.0,0.0,0.0,521872.6,751922.1291914738,67.08434490909423,23131476.18943116,520.9773823321767,16892.287336949194,86066.86136463544,1502636.8506243736,424522.0629267299,2564524.881756504,0.0,0.0,1082897.5175132365,165.2539174050652,0.0,0.0,0.0,1785135600000.0,1783047600000.0,1783047207852.604,1783010428553.9363,1782532660436.213,88832102446.5178,1783047600000.0,87942913898.7675,1783047600000.0,1783047600000.0,0.0,0.0,88393823511.87212,1783047207852.604,26826653606.0,153711.0,10846.0,8807.0,2039.0,19653.0,1429.7859979731234,1196.8329039594455,1881.4265863966095,1848.1244546837208,"Hattiesburg, MS",25620.0,3.6,3.3,3.3,3.4,3.4,3.5,3.4,3.2,3.0,2.8,2.7,2.7,2.7,2.6,2.6,2.6,2.6,2.6,2.7,2.7,2.7,2.9,3.0,3.2,3.3,3.4,3.7,3.8,3.7,3.6,3.6,3.6,3.6,3.5,3.4,3.4,3.4,3.4,3.6,3.7,3.6,3.8,4.3
25860,"Hickory-Lenoir-Morganton, NC",North Carolina,0.0,0.0,24449.816839688527,225379.64809144568,784664.6169748789,0.0,54647.0855284223,302465.14728337136,141251.38487162883,1431438.4314344628,381178.324660182,1985445.8977992944,4183479.325401017,0.0,0.0,82532.19854722644,197080.53240620895,0.0,0.0,64.609412836264,1767497.1,691180.1214618746,0.0,3028118.985058357,5066349.2592522185,772616.157537373,186518.80111257636,963686.465766512,928050.4035169218,5646084.83327588,0.0,0.0,146390.3635334993,32096.37942869637,0.0,0.0,63170707719.17449,4237201600000.0,4234742400000.0,0.0,4234416420691.617,4234531427605.824,1851443918895.4324,4234742400000.0,41940867390.923615,4234742400000.0,4234742400000.0,0.0,0.0,260851425975.28223,4233364735708.723,72409960750.0,365064.0,14429.0,12649.0,1780.0,27078.0,1391.2501572326955,1135.0947097048777,1772.7083798527044,1817.485900908175,"Hickory-Lenoir-Morganton, NC",25860.0,2.9,2.9,2.7,2.6,2.6,2.6,2.5,2.5,2.4,2.4,2.4,2.4,2.4,2.4,2.4,2.5,2.5,2.6,2.7,2.7,2.8,2.9,3.1,3.2,3.3,3.4,3.5,3.6,3.7,3.7,3.4,3.3,3.2,3.3,3.2,3.2,3.1,3.1,3.0,3.2,3.3,3.7,4.4
25940,"Hilton Head Island-Bluffton-Beaufort, SC",South Carolina,0.0,231896.98818622672,0.0,3581335.4468417955,273875.3303539667,1657442.4725817433,7989806.020075377,115729.5791550391,34799.99999999643,1443521.2293081677,2822439.3230692204,856625.9607116889,2309495.5676257405,0.0,0.0,145010.49533642436,42091.900010330406,0.0,93057.49905148428,0.0,7393656.1,47947.12047774588,27102.267604994493,236563594.3624516,524746.0026361558,8999.999999999998,191776.70660698877,4500.69710031895,45416.8405368232,1182590.738493781,0.0,0.0,1652247.6698721685,4125.440620525533,0.0,798445553483.0172,0.0,2504532800000.0,2493547600000.0,2493547600000.0,2493547600000.0,2462886453607.609,198809933338.09976,2493547600000.0,301301473820.3295,2493547600000.0,2493547600000.0,0.0,0.0,632762585798.6377,2493547600000.0,45635344560.0,214961.0,15639.0,14999.0,640.0,30638.0,1504.3058199714578,1376.8347758536606,2031.6072455078515,2047.6994408359835,"Hilton Head Island-Bluffton-Beaufort, SC",25940.0,3.9,4.0,4.0,3.9,3.7,3.7,3.7,3.8,3.9,4.0,4.0,4.0,4.1,4.2,4.2,4.3,4.3,4.5,4.5,4.6,4.9,5.1,5.3,5.4,5.7,6.2,6.8,6.7,6.2,5.9,5.5,5.3,5.1,5.0,5.0,4.9,4.9,4.9,5.1,4.9,5.0,6.0,7.8
25980,"Hinesville, GA",Georgia,0.0,4703.024383729669,0.0,565395.8428161207,88547.80684649489,1484680.9306227867,2220989.898085677,22655.53309013649,17399.99999999877,491528.5363924339,451144.6790534151,110744.5979173427,622074.1294475566,0.0,0.0,5443.336459874095,23718.90021196106,0.0,22918.1140388513,0.0,908260.2999999998,202295.77226707872,3769.222712066927,57284825.285178296,14808.724420556884,4547.725631603102,65133.83489506552,50888.52240848794,52884.469794742574,504473.39081413706,0.0,0.0,1249903.4027813096,65038.91037703634,0.0,84413091594.70424,0.0,944518400000.0,941954800000.0,941954800000.0,941954800000.0,933988464613.8456,73796910664.56013,941954800000.0,109061150528.71706,941954800000.0,941954800000.0,0.0,0.0,147184815644.8427,941954800000.0,13937583278.0,81203.0,10532.0,8702.0,1830.0,19234.0,1239.860072750147,1697.0736578003914,2099.5497136290915,2103.810352669651,"Hinesville, GA",25980.0,3.7,3.6,3.5,3.3,3.3,3.2,3.2,3.1,3.1,3.2,3.2,3.0,2.7,2.6,2.6,2.5,2.5,2.5,2.6,2.6,2.6,2.6,2.8,2.8,2.9,3.2,3.4,3.6,3.6,3.8,3.5,3.3,3.2,3.3,3.5,3.3,3.1,3.2,3.1,3.1,3.3,3.9,4.8
26140,"Homosassa Springs, FL",Florida,0.0,136978.60809283162,28580.435691886643,34729.03386210176,4828.137895123147,0.0,4473356.571750726,0.0,17399.99999999998,1064909.9933252716,2549830.18761822,72379.92040376096,2574398.133031635,0.0,0.0,11957.946156924856,0.0,0.0,283857.86533556646,1485.481257103915,86756.1,7102.2521120700285,0.0,86701437.4595301,0.0,4499.999999999995,67530.32094055049,70119.4597150656,70196.25057063172,1344323.14925077,0.0,0.0,2203597.610347148,0.0,0.0,289822609008.2459,1778978135846.0413,1784578800000.0,1780321600000.0,0.0,1780321600000.0,0.0,113692113066.87436,1780321600000.0,261253026074.34927,1780321600000.0,1780321600000.0,0.0,0.0,229416085552.18848,0.0,21463068209.0,153476.0,10670.0,7410.0,3260.0,18080.0,1236.3256043615695,905.569434113144,1511.2180517714842,1553.3364091528915,"Homosassa Springs, FL",26140.0,4.1,3.9,4.0,3.9,3.7,3.6,3.6,3.7,3.7,3.6,3.4,3.4,3.3,3.4,3.1,3.2,3.1,3.0,3.1,3.0,3.0,3.2,3.4,3.4,3.8,4.6,5.2,4.9,4.0,3.7,3.6,3.3,3.1,3.1,3.1,3.4,3.4,3.7,3.9,4.0,4.1,5.1,6.8
26300,"Hot Springs, AR",Arkansas,0.0,0.0,397735.0057235183,409940.2441436177,9073.46295197763,740131.9060972398,4517.401840384049,63347.00172577948,17399.999999999935,663105.4483464337,3240425.639353673,2026524.4442698976,6048836.742206025,0.0,0.0,14481.268293721554,44420.83770195293,0.0,0.0,1722.190425526023,1475812.8,990486.42376711,513.1913582452007,360681.1879885861,138333.48685048503,104999.9999999996,87830.48023740454,757180.7068620694,932367.0449603632,3982747.465278296,0.0,0.0,147267.72754417534,819910.3778237747,0.0,0.0,1160649600000.0,1162088000000.0,1160649600000.0,1160649600000.0,1160649600000.0,1159693570822.0076,651423801602.6514,1160649600000.0,46215890062.636894,1160649600000.0,1160649600000.0,0.0,0.0,58662558066.31535,1160649600000.0,19847685112.0,100056.0,5965.0,4747.0,1218.0,10712.0,1193.527544717758,684.351517861983,1379.2403706388527,1372.6700258984313,"Hot Springs, AR",26300.0,3.8,3.6,3.4,3.5,3.5,3.4,3.4,3.3,3.2,3.1,2.9,2.9,2.9,2.9,3.0,3.0,3.0,3.0,3.0,3.0,3.0,3.1,3.3,3.4,3.5,3.7,3.9,4.0,4.0,3.9,3.8,3.7,3.7,3.5,3.6,3.7,3.5,3.5,3.6,3.7,3.8,4.2,5.1
26380,"Houma-Thibodaux, LA",Louisiana,0.0,391674.0839775072,0.0,71807.35996115852,73593.41336034558,757188.9465306224,6526684.714171589,8657.124440662752,2815.2790743703104,1475100.9941044012,5460683.004481172,164009.90716334578,12205060.575052682,0.0,0.0,3251.21117209714,145529.66678182755,0.0,5982702.339875791,0.0,243428.9,154556.8361476924,714.5312855097618,151909652.76444042,10046.342690389332,4513.144103121404,108553.05821722104,441270.2180298797,95646.02200751494,2720084.453247918,0.0,0.0,28441.70665696608,2106.6306551048265,0.0,157290722780.43698,0.0,2402789200000.0,2399773200000.0,2399772991153.716,2399750883250.664,2399773200000.0,563055814.874062,2399773200000.0,844183238577.9016,2399773200000.0,2399773200000.0,0.0,0.0,169328858520.65186,2399772991153.716,34795883350.0,206877.0,5400.0,6315.0,-915.0,11715.0,860.9384414695397,859.0809042226465,1236.853669598793,1195.5881397872763,"Houma-Thibodaux, LA",26380.0,3.0,2.9,3.0,3.2,3.3,3.3,3.4,3.3,3.0,2.8,2.7,2.7,2.7,2.7,2.7,2.6,2.6,2.5,2.5,2.5,2.5,2.6,2.7,2.7,2.8,2.9,3.0,3.0,3.0,2.9,2.8,2.8,2.7,2.8,2.9,3.2,3.2,3.3,3.4,3.4,3.3,3.1,3.2
26420,"Houston-The Woodlands-Sugar Land, TX",Texas,0.0,257743.1660606552,10099982.75820194,915852.4720078054,2606875.6126075457,16714710.421335176,129789934.54962967,739777.8232435773,126002.85043783327,20462099.28209455,58432572.69768874,4004646.237904175,424988423.92591417,0.0,0.0,785087.306810186,4541419.417205031,0.0,2220583.590250804,87117.78001342177,2960034.4,4038299.314299499,872.597809917308,1614618511.4601586,51633.50019575075,132555.61829032845,1053067.2674891944,1208664026.3376515,2177120.602156827,89413056.16574563,0.0,0.0,8516942.04393207,405303.5448820059,0.0,7057501854617.827,82539937738857.6,82617984000000.0,82540078400000.0,73284135107521.83,82527500960033.73,82496193700881.62,1056727089012.6384,82540078400000.0,8736047417873.948,82540078400000.0,82540078400000.0,0.0,0.0,4180700542078.357,82539937738857.62,1138115583559.0,7115524.0,188965.0,184396.0,4569.0,373361.0,6394.194007066098,5038.879339694492,8082.88636564934,8198.258046682844,"Houston-The Woodlands-Sugar Land, TX",26420.0,2.6,2.5,2.7,2.8,2.6,2.4,2.4,2.2,2.1,2.1,2.2,2.2,2.3,2.3,2.3,2.2,2.2,2.2,2.3,2.3,2.5,2.7,2.8,2.9,2.9,2.9,2.9,2.8,2.7,2.7,2.8,2.8,2.9,3.1,3.3,3.5,3.5,3.6,3.6,3.6,3.8,4.3,4.8
26580,"Huntington-Ashland, WV-KY-OH",West Virginia,0.0,0.0,145539.11336448725,236818.171189428,242495.9700348248,800090.9423839295,13735.106206407356,85798.24711469734,445328.63231976365,715536.9137418336,3443355.75648738,1117908.100415508,2796340.5768770813,0.0,0.0,369718.4167239141,381776.0782546087,0.0,0.0,1467.621773910667,922806.2,823224.6517625059,4147.6696612936885,900086.2699646216,487072.6258324925,1704531.678075732,51079.62174107866,5621770.777658062,1294128.5989878308,1712346.3167721033,0.0,0.0,2186669.186057248,202744.83510346973,0.0,0.0,4096493600000.0,4102896800000.0,4096493600000.0,4096493600000.0,4095691063913.762,4094142535798.8726,2907385142106.9346,4096493600000.0,284789006985.0,4096493600000.0,4096493600000.0,0.0,0.0,293973351331.162,4096493600000.0,67889135048.0,353146.0,10584.0,12585.0,-2001.0,23169.0,1041.9712088152917,1137.2462354301288,1563.601931439073,1520.574891282899,"Huntington-Ashland, WV-KY-OH",26580.0,3.4,3.2,2.9,2.8,2.8,2.8,2.8,2.7,2.7,2.5,2.5,2.5,2.7,2.6,2.7,2.7,2.7,2.6,2.7,2.7,2.8,2.8,2.9,2.9,2.9,2.9,2.9,2.9,2.9,2.9,2.8,2.7,2.7,2.6,2.7,2.9,3.0,3.0,2.9,2.7,2.8,2.9,3.2
26620,"Huntsville, AL",Alabama,0.0,0.0,1125865.769462313,2723876.6545180134,193270.39618275053,5285756.738124276,20550.203686317214,431118.79849019065,34799.99999999892,2734665.3251531497,1326470.3469620682,1582969.555866609,16150867.70161212,0.0,0.0,7439.452656740334,949528.4081628596,0.0,0.0,6398.489830340333,9242485.6,92903.4255314392,34110.409717393595,1308763.9565400595,264278.3823127194,109500.00000000004,386825.1800647629,283168.7777128652,1454375.3723890404,19013237.27623987,0.0,0.0,71814.42958041956,15658.06762137716,0.0,0.0,5670984800000.0,5703986800000.0,5670984800000.0,5670984800000.0,5669344269252.406,5670984800000.0,933236723399.229,5670984800000.0,206182320103.71628,5670984800000.0,5670984800000.0,0.0,0.0,1198661193270.911,5670984800000.0,92078570038.0,488878.0,23126.0,19266.0,3860.0,42392.0,1672.0726658850683,1404.5169988291348,2212.562767471242,2153.778307997367,"Huntsville, AL",26620.0,4.0,3.8,3.5,3.4,3.3,3.1,3.1,3.1,3.0,2.9,2.9,2.8,2.8,2.9,2.8,2.8,2.7,2.7,2.7,2.7,2.7,2.7,2.8,2.8,2.9,3.0,3.2,3.3,3.3,3.2,3.3,3.2,3.2,3.1,3.0,3.0,3.1,3.1,3.2,3.4,3.5,3.6,4.1
26820,"Idaho Falls, ID",Idaho,257484.23815636727,0.0,2006770.429532132,1220489.59307848,57179.81068046738,0.145148966066346,0.0,25087.034323206317,161299.95873826696,242152.6649368402,133327.1612344827,527595.7650357453,69553.73731282752,0.0,0.0,44.63748578539005,52276.992177142616,395.6983916508386,0.0,48348.27206055932,5424468.399999999,472948.5556998631,0.024516119467833,0.0,3073.9989569600198,39739.72879614301,1975.208640966316,168898.73647127592,240774.75688509172,170574.5048622482,0.0,0.0,1946833.4059460969,1877.0009872033208,58000000.0,0.0,1824610400000.0,1826176400000.0,1824610400000.0,162400000.0,0.0,1824610400000.0,19894966581.70374,1824610400000.0,40714967602.0996,1824610400000.0,1824610400000.0,0.0,0.0,53697285205.04355,1824610400000.0,32309275356.0,157294.0,9622.0,7475.0,2147.0,17097.0,1205.3696528451344,953.0655801150308,1500.1146622841868,1572.0747437701557,"Idaho Falls, ID",26820.0,2.5,2.6,2.5,2.4,2.3,2.3,2.3,2.3,2.2,2.1,2.0,2.0,2.1,2.1,2.1,2.1,2.1,2.2,2.2,2.2,2.2,2.4,2.5,2.5,2.7,2.9,3.2,3.4,3.4,3.4,3.3,3.2,3.2,3.2,3.2,3.2,3.3,3.5,3.8,3.9,4.1,5.0,6.0
26900,"Indianapolis-Carmel-Anderson, IN",Indiana,0.0,0.0,2761772.7432341864,4282617.952391958,132078.06545867282,1945470.613010094,2249.917824138924,1054765.7600235434,211877.0748192198,4050612.678328548,3775925.44106216,11485101.886454033,38587279.55756478,0.0,0.0,15839.51340800687,1651799.2754610963,0.0,0.0,57299.27260668296,22397709.5,7633016.061777083,39458.778629895314,480333.824092538,232861.01744243584,155512.0057930136,726401.9008042067,9619430.847621426,2556411.540672351,60681156.39345381,0.0,0.0,174860.85730846622,213818.31369558728,0.0,0.0,24453681600000.0,24488064000000.0,24453681600000.0,24453681600000.0,24362599732923.56,24446208362781.406,1173088749105.193,24453681600000.0,755982830032.8616,24453681600000.0,24453681600000.0,0.0,0.0,1691743867023.202,24453681600000.0,409800093150.0,2108076.0,72005.0,78737.0,-6732.0,150742.0,3589.0328780884693,3165.050552518869,4815.186081554897,4753.7320075915095,"Indianapolis-Carmel-Anderson, IN",26900.0,2.4,2.5,2.4,2.3,2.3,2.2,2.2,2.2,2.2,2.3,2.3,2.4,2.4,2.4,2.4,2.5,2.5,2.5,2.5,2.4,2.4,2.4,2.4,2.4,2.4,2.5,2.3,2.3,2.1,2.2,2.5,2.4,2.5,2.6,2.7,2.8,2.8,2.9,3.1,3.1,3.3,3.7,4.2
26980,"Iowa City, IA",Iowa,0.0,0.0,167349.42192560047,50772.129749828186,529510.7775001783,19604.869520735523,45.748411605502326,12254.192307503345,52007.13797980424,92322.64215894997,2654773.6857221792,4412278.063324738,12206706.36071108,0.0,0.0,16642.01042532917,61684.09128234007,0.0,0.0,606.7156245041776,211393.1,7072954.502408254,80327.10651432825,11699.846285025254,219556.51983415865,193167.74085586536,108569.47209025396,14169891.929114657,11347182.995860036,19255673.0147079,0.0,0.0,233383.5120955736,5541.439195878833,0.0,0.0,2034338400000.0,2034860400000.0,2034338400000.0,2034338400000.0,2034217167197.8828,2033575380001.6587,438737436271.3441,2034338400000.0,70512400274.69746,2034338400000.0,2034338400000.0,0.0,0.0,127512298197.30968,2034338400000.0,36714435773.0,175374.0,16243.0,13187.0,3056.0,29430.0,1401.4649478313754,1259.865072140664,1897.0313650543576,1871.645265535112,"Iowa City, IA",26980.0,3.5,3.3,3.1,3.1,3.0,3.0,2.9,2.8,2.6,2.6,2.6,2.7,2.7,2.8,3.0,3.1,3.1,3.1,3.1,3.0,3.1,3.2,3.3,3.3,3.4,3.5,3.3,3.1,3.1,3.2,3.1,3.0,3.1,3.0,3.2,3.1,3.3,3.2,3.3,3.2,3.2,3.5,3.9
27060,"Ithaca, NY",New York,0.0,0.0,402698.1189126987,15949.153021017935,57986.10816644733,108238.93149698296,10354.60749496018,17607.423563867796,17399.999999999996,94752.98595078636,135395.6633341285,240237.98726880449,1144517.3382157849,0.0,0.0,2337.8888093298688,1506.510062143032,0.0,0.0,1705.8112209221515,72083.69999999998,84500.96089225194,0.109147821357483,553712.1860397232,29219.560419437472,104999.99999999984,8618.876190273057,1424648.6296351345,98414.94622272236,439577.6984644727,0.0,0.0,23648.848227419967,1069.442973589438,0.0,0.0,1223602800000.0,1226584000000.0,1223602800000.0,1223602800000.0,1223602800000.0,1221149963251.2622,396874153457.8381,1223602800000.0,20646880233.285168,1223602800000.0,1223602800000.0,0.0,0.0,385585863165.92175,1223602800000.0,20211050346.0,105483.0,13388.0,8948.0,4440.0,22336.0,959.8770754633116,888.2854271009967,1302.7770338780156,1313.9227526761229,"Ithaca, NY",27060.0,2.8,2.7,2.7,2.5,2.7,2.9,3.2,3.5,3.6,3.4,3.3,3.2,3.3,3.3,3.1,2.9,2.9,2.9,2.7,2.6,2.6,2.8,2.8,3.0,3.1,3.3,3.3,3.2,3.3,3.2,3.1,3.0,3.1,3.1,3.0,3.1,3.2,3.4,3.5,3.4,3.4,3.7,4.0
27100,"Jackson, MI",Michigan,0.0,0.0,335293.3395629889,62896.41076031675,6845.863279142712,284860.52463647374,867.7523009452533,5880.710514913683,17399.999999999807,286479.5274571022,128623.92132850215,47493.759142840085,3633574.5633024606,0.0,0.0,4595.286576833649,85132.01056348502,0.0,0.0,2849.0904467158584,241457.1,110159.46458948836,3454.3308413907307,90804.11791596896,81916.94602514569,4499.9999999999945,37958.509648305975,155947.2880584617,2208503.842934686,5686517.810599821,0.0,0.0,45363.72469084899,47269.938494580754,0.0,0.0,1859583252961.26,1860245600000.0,1859584400000.0,1859583252961.26,1834974943404.404,1859583252961.26,249145606393.87964,1859584400000.0,30703735935.9416,1859584400000.0,1859584400000.0,0.0,0.0,760394073830.2455,1859583252961.26,29463217294.0,160309.0,8749.0,8243.0,506.0,16992.0,885.1768184944746,877.0763934800663,1231.8551051158574,1261.2894196020195,"Jackson, MI",27100.0,1.8,1.9,1.7,1.6,1.5,1.5,1.5,1.6,1.6,1.7,1.7,1.8,1.8,1.8,1.8,1.9,2.0,2.1,2.1,2.1,2.2,2.3,2.5,2.6,2.7,2.8,2.7,2.7,2.5,2.4,2.2,2.2,2.1,2.2,2.2,2.3,2.4,2.5,2.4,2.4,2.5,2.7,3.2
27140,"Jackson, MS",Mississippi,0.0,0.0,0.0,1503035.3765066075,123440.48835972644,5141894.872909692,259396.88271718228,419888.2899099835,132982.326189183,1767025.6159872687,16700845.187686682,1950255.377751164,23000471.65525132,0.0,0.0,9618.387467200157,906995.3549283243,0.0,0.0,0.0,4946908.2,10719757.990450062,59644.53717617354,10618398.366034228,797989.8893497026,31919.532666599804,389373.9415093146,9443719.42852076,3941707.1850389782,26501502.237155747,0.0,0.0,83073.76092358233,6548.799817800846,0.0,0.0,0.0,6669744800000.0,6620004000000.0,6619997372184.328,6618942790323.265,6619377624907.598,657773536826.0453,6620004000000.0,489877608026.8704,6620004000000.0,6620004000000.0,0.0,0.0,296497467561.36176,6619997372184.328,99752483648.0,570690.0,22218.0,21699.0,519.0,43917.0,1804.3031895997967,1769.9646889133128,2509.432206695371,2546.5965522634324,"Jackson, MS",27140.0,3.7,3.4,3.4,3.5,3.3,3.3,3.3,3.1,2.9,2.8,2.7,2.6,2.6,2.6,2.5,2.5,2.6,2.6,2.6,2.6,2.6,2.8,2.9,2.8,3.0,3.3,3.5,3.1,2.9,3.1,3.1,3.1,3.3,3.3,3.4,3.4,3.4,3.3,3.2,3.2,3.5,3.9,4.3
27180,"Jackson, TN",Tennessee,0.0,0.0,0.0,9559116.395508654,153087.52517582377,1397984.4169612443,6220.682692064687,26571.487228824044,52200.00000000006,757044.4570065292,596663.8945795991,848255.6577279882,10976333.182250077,0.0,0.0,2981.1733274158387,74465.25076827941,0.0,0.0,0.0,18351451.8,59299.82648997547,22543.06586013781,502559.76718312345,81194.38995259302,13499.999999999987,50355.13628020749,1325383.3559841204,383139.84514786303,4781204.794876906,0.0,0.0,28477.43996885712,23296.254403112325,0.0,0.0,0.0,1508870000000.0,1507930400000.0,1507930400000.0,1505973308254.282,1507930400000.0,229710721413.31448,1507930400000.0,16698897999.028229,1507930400000.0,1507930400000.0,0.0,0.0,447823656870.09937,1507930400000.0,26180511116.0,129994.0,8033.0,6872.0,1161.0,14905.0,984.9979695410544,861.0865229464458,1273.9548657625198,1342.234331255165,"Jackson, TN",27180.0,3.4,3.5,3.3,3.3,3.1,3.0,3.0,2.9,2.8,2.5,2.5,2.4,2.5,2.5,2.4,2.5,2.5,2.6,2.6,2.5,2.6,2.6,2.7,2.7,2.8,2.9,3.0,2.9,2.9,2.9,2.9,2.8,2.8,2.8,2.8,2.9,3.0,3.2,3.2,3.3,3.4,3.7,4.6
27260,"Jacksonville, FL",Florida,0.0,490967.1021811771,233622.3306679733,1749430.3615898287,281242.62721899524,5.379740200221585,11432132.472545955,12231.764624988828,87000.00000000162,5611739.668766595,27691722.7584697,480294.0163651001,12345354.730358344,0.0,0.0,45933.50616135845,2110.6033104012376,0.0,8620962.981188398,4400.488351234015,4677313.3,33604.98614614551,0.118898479317162,240047950.07882696,23191.956934683487,22500.0,425589.2721926004,593072.4761074595,291062.1418751898,8519037.84070618,0.0,0.0,12216491.464888657,4445.685344365791,0.0,2084192650820.5537,18599989333850.883,18627836800000.0,18605274800000.0,2408499576.9351287,18604720296919.457,12583656800000.0,968622632193.2772,18605274800000.0,1274191975396.397,18605274800000.0,18605274800000.0,0.0,0.0,1564131400755.1802,715968678936.6431,256762515385.0,1603903.0,82578.0,65168.0,17410.0,147746.0,4142.554767290349,3006.229698476149,5033.934048038373,5202.128218335261,"Jacksonville, FL",27260.0,2.8,2.8,2.9,2.8,2.8,2.8,2.7,2.7,2.6,2.6,2.7,2.6,2.7,2.6,2.7,2.6,2.7,2.5,2.6,2.5,2.5,2.7,3.0,3.3,3.7,4.1,4.3,4.1,3.8,3.2,3.1,3.0,3.1,3.5,3.5,3.6,3.7,3.9,4.0,4.0,4.2,4.7,5.6
27340,"Jacksonville, NC",North Carolina,0.0,42714.750447594895,0.0,54864.89687278719,193914.04335865928,2015125.965579204,8654275.712413313,55058.67063563166,17399.99999999588,783618.0207907278,1391094.8992032434,112474.661914322,4658095.128310173,0.0,0.0,296376.40531550086,727251.3664765928,0.0,18271.296970767016,0.0,334644.1,71934.00117396946,17974.72107068584,178686811.0934139,241477.97932188128,4500.000000000008,124454.55636350437,429967.8334909139,29521.051686595914,1374273.4758877463,0.0,0.0,2246041.7809566944,190500.01167412527,0.0,128492269591.01392,0.0,2373081600000.0,2354208400000.0,2354208348429.184,2354208348429.184,2351342156380.6274,15347696067.168367,2354208400000.0,81445816327.73987,2354208400000.0,2354208400000.0,0.0,0.0,437824667512.18713,2354208348429.184,30154796841.0,202949.0,29524.0,25154.0,4370.0,54678.0,2664.289961697112,1996.0633757473731,3344.996113600134,3313.1773269778364,"Jacksonville, NC",27340.0,3.4,3.2,2.9,2.8,2.8,2.9,2.9,3.0,3.0,3.1,3.1,3.0,2.9,2.7,2.7,2.7,2.7,2.8,2.8,2.8,2.8,2.9,2.9,3.0,3.0,3.2,3.4,3.5,3.5,3.5,3.5,3.4,3.3,3.4,3.5,3.5,3.5,3.5,3.5,3.7,3.8,4.2,4.9
27500,"Janesville-Beloit, WI",Wisconsin,0.0,0.0,2139425.357981957,39327.68136366168,7505.59608121112,675901.1507746977,68.15366278193231,613457.7369304934,17400.000000000215,687409.4139810298,21773.7510461514,906309.0509316988,5807674.639780309,0.0,0.0,2800.909348370497,346812.09843794827,0.0,0.0,297.16853118559527,215792.8,941289.5973142256,3753.1753900623594,15831.923465902224,56065.34433500385,104999.99999999952,71704.10712522813,97690.03527972152,1346004.8607513774,5593956.523183879,0.0,0.0,32532.773751683617,990.5224324669676,0.0,0.0,1897852773873.088,1898769200000.0,1897852800000.0,1897852773873.088,1887221112545.916,1897071198884.0312,294613260017.3091,1897852800000.0,27777315215.11944,1897852800000.0,1897852800000.0,0.0,0.0,120012294475.14548,1897852773873.088,36533987861.0,163608.0,6131.0,6307.0,-176.0,12438.0,706.2421680981673,725.9655639215954,998.3195881079364,1027.3349015778642,"Janesville-Beloit, WI",27500.0,2.3,2.2,2.0,2.0,1.9,1.8,1.8,1.8,1.8,1.7,1.8,1.8,1.8,1.8,2.0,2.0,2.1,2.1,2.1,2.1,2.2,2.2,2.3,2.4,2.5,2.6,2.7,2.7,2.6,2.5,2.5,2.4,2.4,2.4,2.3,2.4,2.4,2.5,2.5,2.6,2.6,2.9,3.3
27620,"Jefferson City, MO",Missouri,0.0,0.0,401402.2535701913,795814.1891049963,372570.34754191776,5343708.863656827,190.46447981122995,934082.2442659136,76881.39129180841,651699.3233957859,753443.9015768146,1729484.7403992212,6760240.441775982,0.0,0.0,3631.285541285988,67306.11207059857,0.0,0.0,105.36341325212469,2204325.9,324503.7016362476,132274.8893117883,33038.844139733694,5002480.739886209,120008.91221500844,25314.739674694563,238809.52771491252,394647.75031892414,3293720.9339737734,0.0,0.0,744585.563325949,441753.195456841,0.0,0.0,1738039600000.0,1743584400000.0,1738039600000.0,1738039600000.0,1725197660683.5825,1737983025170.601,832901348154.5361,1738039600000.0,28694938643.631824,1738039600000.0,1738039600000.0,0.0,0.0,215113080308.8421,1738039600000.0,34759372756.0,149831.0,8388.0,7939.0,449.0,16327.0,917.7733925103736,937.3713245027288,1317.969271265457,1305.3964914921444,"Jefferson City, MO",27620.0,2.4,2.2,2.1,2.2,2.1,2.1,2.2,2.2,2.2,2.0,1.9,1.9,2.0,1.9,2.1,2.1,2.1,2.2,2.1,2.1,2.2,2.2,2.3,2.3,2.4,2.5,2.5,2.4,2.3,2.2,2.3,2.4,2.5,2.5,2.5,2.6,2.6,2.6,2.6,2.6,2.6,2.9,3.4
27740,"Johnson City, TN",Tennessee,0.0,0.0,187758.60997523603,323180.07893522485,197456.8982099349,0.0,8238.788169669117,23955.21285414839,111822.43245369168,823764.2694887966,1820157.122297933,1377136.4539257758,832787.4989537797,0.0,0.0,6621.026612406907,90590.2653169032,0.0,0.0,862.324245655165,1295781.8,147931.16846299983,0.0,403836.1610139868,194524.806592704,164397.79504561253,41277.47973888954,2322277.0228528017,245066.42284177223,1084314.5043347585,0.0,0.0,9892.064411699395,9528.744885376782,0.0,0.0,2402615200000.0,2404506000000.0,2402615200000.0,0.0,2378777456028.237,2400772401397.799,1557220599066.095,2402615200000.0,85829065614.18456,2402615200000.0,2402615200000.0,0.0,0.0,79794623075.34358,2402615200000.0,30236920704.0,207122.0,11484.0,10224.0,1260.0,21708.0,1233.592720471388,1079.521653326139,1662.7777963396072,1614.7801707972512,"Johnson City, TN",27740.0,3.3,3.2,3.1,3.1,3.0,3.1,3.1,3.0,2.9,2.8,2.7,2.6,2.7,2.8,2.8,2.9,3.0,3.1,3.1,3.1,3.2,3.4,3.5,3.4,3.4,3.6,3.7,3.7,3.8,3.7,3.7,3.5,3.5,3.5,3.6,3.6,3.8,3.8,3.9,3.8,3.9,4.3,5.4
27780,"Johnstown, PA",Pennsylvania,0.0,0.0,449519.7456903231,13150.59492282086,36670.147737996085,0.0,25234.14416574708,9172.416888635507,21789.83101076487,682919.3481953866,707642.7934223625,513887.7695454339,547505.357601599,0.0,0.0,2288.856855504227,144528.20168352342,0.0,0.0,2477.020165952089,50941.1,20031.30072067202,0.0,1623071.7813411837,46184.54645468608,138162.8357769242,9241.006699468606,22692.690558888677,50881.578977959965,1030082.4359051927,0.0,0.0,30256.934262243805,89342.02073571754,0.0,0.0,1548216359973.82,1548275200000.0,1548217200000.0,0.0,1546835015633.8528,1543777315977.0088,892306163781.952,1548217200000.0,67829467706.91587,1548217200000.0,1548217200000.0,0.0,0.0,378133783647.7778,1548216359973.8198,33263671629.0,133467.0,5708.0,5235.0,473.0,10943.0,698.5578000423444,684.2097631574692,1000.7407256627464,953.851141426166,"Johnstown, PA",27780.0,1.9,1.8,1.8,1.8,1.8,1.7,1.8,1.9,1.9,1.8,1.8,1.8,1.9,1.9,1.9,1.9,1.9,2.0,2.0,2.0,2.0,2.1,2.2,2.2,2.2,2.2,2.2,2.2,2.1,2.1,2.1,2.0,2.1,2.0,1.9,1.9,1.9,1.9,1.8,1.9,1.8,1.9,2.1
27860,"Jonesboro, AR",Arkansas,0.0,0.0,0.0,11644279.862364857,202017.4183573637,1429885.427246702,2784.577482823283,497025.1662058417,34799.9999999958,141931.901974588,1846878.920066798,612070.4045397483,14654878.965162212,0.0,0.0,2299.8971399949032,13711.61297482415,0.0,0.0,0.0,18895259.3,94978.13650224153,2369.8844781650646,216131.15141188027,564191.038585239,8999.999999999998,15229.232676992136,527206.1676376148,224219.0053818054,4027527.966074326,0.0,0.0,21561.24299440224,24700.610684789783,0.0,0.0,0.0,1556673600000.0,1555966000000.0,1555965753600.224,1554590067748.796,1555818148724.7012,81240657510.58348,1555966000000.0,156991946998.39178,1555966000000.0,1555966000000.0,0.0,0.0,254066131031.24973,1555965753600.2236,23266247874.0,134135.0,9302.0,7580.0,1722.0,16882.0,1315.9099513264575,942.2324553951642,1690.4268691664836,1543.1445168875143,"Jonesboro, AR",27860.0,3.1,3.0,2.9,3.1,3.0,2.9,2.9,2.8,2.6,2.6,2.5,2.4,2.5,2.5,2.6,2.6,2.6,2.6,2.6,2.6,2.6,2.7,2.8,2.9,3.0,3.0,3.0,2.9,3.0,3.1,3.2,3.1,3.1,3.0,3.1,3.2,3.1,3.0,3.1,3.1,3.1,3.5,4.0
27900,"Joplin, MO",Missouri,0.0,0.0,427739.62907199375,383584.84101969306,31388.049301954587,4215141.280012022,720.4990839999988,19273.238146108342,34799.99999999923,693836.3258879678,958242.9133899692,1781391.273345021,10453355.052763626,0.0,0.0,24995.815308464746,889405.6898863933,0.0,0.0,86.84400338609238,1432744.3,184145.92456612532,14489.95325799871,88291.71547335494,3925582.860888728,8999.999999999982,105540.76050545536,828758.5376025288,2755113.692435424,6569755.619583316,0.0,0.0,1110000.0990526436,59956.35947299186,0.0,0.0,2102094000000.0,2104344400000.0,2102094000000.0,2102094000000.0,2102094000000.0,2102072943821.7212,337055469981.0073,2102094000000.0,52034124073.347336,2102094000000.0,2102094000000.0,0.0,0.0,108858137015.90591,2102094000000.0,37033379038.0,181215.0,8363.0,7449.0,914.0,15812.0,902.1734866421205,890.9399530832592,1313.4549859054937,1221.2518167847284,"Joplin, MO",27900.0,2.2,2.1,2.0,2.0,2.0,2.0,2.1,2.1,2.1,2.0,1.9,1.9,2.0,2.0,2.1,2.1,2.1,2.1,2.1,2.1,2.2,2.3,2.3,2.4,2.4,2.5,2.5,2.4,2.3,2.3,2.2,2.3,2.2,2.2,2.3,2.4,2.4,2.4,2.4,2.5,2.5,2.7,3.2
27980,"Kahului-Wailuku-Lahaina, HI",Hawaii,0.0,549.8962963866841,0.0,3445424.2565527777,170.1140878120982,0.0,131739.68516770794,82791.94479361667,147474.86798784323,0.0,1310868.6248553812,316.61853301958377,3953.242105955972,1892.1053400220592,27142.121851282904,267133.1151648885,59.67937479648976,0.0,195879.97526780007,0.0,13716258.4,856.8842568850527,0.0,6238879.836372634,2701.134598436218,52987.28462611961,0.0,364027.9106260645,31.23515530929612,19359.88601302741,394152.0616359518,13900.865737868511,2808626.1820864403,1.091638402648702,0.0,99657434177.54485,0.0,1912097600000.0,1910682400000.0,0.0,1907085087591.212,1910682400000.0,12077121821.390478,0.0,108279649373.39555,1910682400000.0,1910682400000.0,548102488805.99786,1893836538032.9705,173840175939.2329,16518131714.00745,30807861643.0,164714.0,7630.0,6328.0,1302.0,13958.0,887.3460429843591,937.5217330814256,1297.477938155405,1283.5887191776033,"Kahului-Wailuku-Lahaina, HI",27980.0,5.2,3.7,4.2,4.1,4.0,3.9,3.8,3.8,4.1,4.5,4.9,5.0,5.1,5.1,5.1,5.1,5.1,4.9,4.9,4.7,4.9,5.5,6.1,6.9,8.4,9.9,10.8,10.7,10.0,9.8,9.9,9.0,8.7,8.1,8.2,8.2,8.0,8.3,8.3,9.1,9.5,10.8,13.0
28020,"Kalamazoo-Portage, MI",Michigan,0.0,67.71843073811681,577573.455819448,147245.62210949138,9787.991775737264,599154.761516733,1262.713179033258,11937.367795553851,34800.000000000146,597167.170716104,138729.54657270748,760928.3664934312,5490681.26175461,0.0,0.0,9123.326184610176,349870.26551052625,0.0,18232.441836462825,4141.096754379521,579883.6,3710140.2438124665,7390.663505991282,148992.30281365843,11836.545258344617,109500.00000000004,25080.90593377465,580142.8893201253,3099601.0056641595,8377711.200488687,0.0,0.0,93983.0696466793,7639.079529412966,0.0,3013472870.604844,3911311200000.0,3912181200000.0,3911311200000.0,3911311200000.0,3869046522884.06,3911263976002.66,899439271252.5781,3911311200000.0,30229995721.96427,3911311200000.0,3911311200000.0,0.0,0.0,1509660616025.8213,3911311200000.0,63037579517.0,337182.0,18118.0,16466.0,1652.0,34584.0,1285.3038551253162,1327.974020830227,1898.8891489499852,1795.9830177370832,"Kalamazoo-Portage, MI",28020.0,2.2,2.3,2.2,2.1,2.0,2.0,1.9,1.9,2.0,2.0,2.0,2.1,2.1,2.1,2.2,2.2,2.3,2.4,2.5,2.5,2.6,2.7,2.9,3.0,3.0,3.1,3.1,3.0,3.0,2.9,2.8,2.7,2.7,2.7,2.7,2.7,2.7,2.6,2.7,2.7,2.7,3.0,3.6
28100,"Kankakee, IL",Illinois,0.0,0.0,1959336.260456628,159199.43768716944,5078.611047167105,865654.4268379182,173.61702571526624,43024.005589651,17400.000000000335,49118.63924572888,615721.7061910088,483406.4464329149,1471055.1291860207,0.0,0.0,1048.4527207306198,22733.435204919264,0.0,0.0,108.50971696544372,721732.9,396585.0069955912,3879.9081386421294,35111.5835792889,28847.203391600266,4500.000000000002,43672.96589864978,108475.81216687312,522971.363734236,3069487.563387873,0.0,0.0,16932.226753473034,4150.2692117160295,0.0,0.0,1245364400000.0,1247023200000.0,1245364400000.0,1245364400000.0,1245364400000.0,1245122771835.1836,60261912256.49908,1245364400000.0,43696323883.7613,1245364400000.0,1245364400000.0,0.0,0.0,15491382655.428396,1245364400000.0,27253146897.0,107359.0,4210.0,6393.0,-2183.0,10603.0,554.2508457368378,1081.7065221214116,1261.1950681793835,1169.301928502643,"Kankakee, IL",28100.0,1.5,1.6,1.5,1.5,1.5,1.5,1.5,1.6,1.7,1.7,1.7,1.8,1.8,1.8,1.9,1.9,2.0,2.0,2.0,1.9,2.1,2.2,2.3,2.5,2.6,2.6,2.7,2.7,2.6,2.6,2.4,2.4,2.4,2.1,2.1,2.1,2.2,2.2,2.4,2.5,2.6,2.8,2.9
28140,"Kansas City, MO-KS",Missouri,0.0,0.0,4505605.411438036,1384323.6168485098,1432999.436401684,45888190.67313333,135.7807712399996,13391611.628222516,255054.59007553328,8991846.580797423,8687314.104232144,15272412.006134568,95035359.7089674,0.0,0.0,20661.72904363373,14471268.288988452,0.0,0.0,6831.982870631203,5033707.4,8902393.096355367,2055185.7468265628,29390.442136830352,3881540.596308568,639595.9042868449,182958.37703426453,4908339.922130014,4342835.333415119,75754716.56049487,0.0,0.0,943207.5295599716,11008268.869124806,0.0,0.0,25407549556038.785,25427606000000.0,25407549600000.0,25407549556038.785,1928326000000.0,25404891101647.15,4278197590698.5415,25407549600000.0,252147348720.933,25407549600000.0,25407549600000.0,0.0,0.0,3369806971256.2217,25407549556038.785,459787288396.0,2190306.0,77511.0,81752.0,-4241.0,159263.0,3034.823882863716,3431.594673034681,4563.523638593319,4598.320019311401,"Kansas City, MO-KS",28140.0,3.1,3.0,2.9,2.8,2.7,2.6,2.6,2.5,2.5,2.3,2.3,2.3,2.3,2.4,2.4,2.4,2.5,2.6,2.6,2.6,2.6,2.7,2.8,2.9,3.0,3.0,2.9,2.8,2.6,2.5,2.6,2.4,2.6,2.7,2.7,2.8,2.9,3.0,3.1,3.2,3.3,3.8,4.2
28420,"Kennewick-Richland, WA",Washington,123065.07278769344,0.0,1553211.5411671482,3450371.7736463863,87273.30258453921,11624149.180424394,0.0,538328.1560763194,49484.002261229616,179539.61700788647,77921.78402924002,130975.44914235624,166841.36569405455,0.0,0.0,7860.710942045177,94328.08081621004,158.2793566508387,0.0,3391.9504662621694,9495798.6,18017.99070855548,34709.622327349134,0.0,378.4887066018216,174327.1148128746,15457.729068516086,98435.09502161712,87778.45626755022,118642.2624696724,0.0,0.0,5999416.996618641,13789.232481594663,58000000.0,0.0,3517050400000.0,3522015200000.0,3517050400000.0,3517050400000.0,0.0,3514467156594.685,601275024090.4088,3517050400000.0,27343928389.375835,3517050400000.0,3517050400000.0,0.0,0.0,267468932267.5052,3517050400000.0,49078904651.0,303194.0,12955.0,13254.0,-299.0,26209.0,1332.0289035903088,1384.275622843948,1874.8845297777675,1966.104778489692,"Kennewick-Richland, WA",28420.0,2.5,2.4,2.4,2.1,2.1,2.1,2.0,2.0,1.8,1.9,1.9,2.0,2.2,2.6,2.7,2.5,2.5,2.4,2.5,2.5,2.6,2.7,2.9,3.0,3.0,3.1,3.2,3.4,3.2,3.1,3.2,3.1,3.1,3.2,3.2,3.3,3.6,3.8,4.2,4.3,4.4,4.9,5.5
28660,"Killeen-Temple, TX",Texas,0.0,0.0,1304999.3558924706,30952.826919776096,356168.2900311492,3178605.635623908,71338.15762979703,109897.76581513236,52200.00000000045,175893.59882098567,6262957.515182446,493222.65751722094,25177739.032655437,0.0,0.0,13995.500581745137,1244043.3887350862,0.0,0.0,11757.6251668207,88296.29999999999,7027000.049355222,1365.2002355359934,2697012.5346309906,7305.066575214133,114000.00000000006,74630.68251308854,481010.3899428384,417815.56073278526,9266398.7656757,0.0,0.0,4333187.104612992,65573.36704570978,0.0,0.0,5502042400000.0,5514257200000.0,5502042400000.0,5502042400000.0,5499028496638.597,5501536968968.377,686162577020.6156,5502042400000.0,105493740002.9641,5502042400000.0,5502042400000.0,0.0,0.0,737263182540.2083,5502042400000.0,67751404989.0,474314.0,41238.0,37716.0,3522.0,78954.0,2888.425868877372,2422.881961631643,3690.025880668048,3849.355010907672,"Killeen-Temple, TX",28660.0,3.5,3.5,3.6,3.5,3.4,3.3,3.3,3.0,2.8,2.8,2.7,2.7,2.6,2.6,2.6,2.6,2.5,2.4,2.4,2.3,2.3,2.4,2.5,2.6,2.7,2.7,2.7,2.7,2.7,2.7,2.7,2.7,2.7,2.6,2.7,2.7,2.8,2.8,3.0,3.1,3.2,3.6,4.3
28700,"Kingsport-Bristol-Bristol, TN-VA",Virginia,0.0,0.0,261797.98590882507,478659.1457267426,200009.34863611465,0.0,7001.193160398392,10635.166034263864,121777.00205040674,1366900.0218934042,964935.776509491,1408225.6072290144,1244576.9846241418,0.0,0.0,35495.25280958627,168104.74432924006,0.0,0.0,1313.783118371315,2083764.4,130669.63638763865,0.0,386960.6461267177,189924.447023462,398748.1882353564,83825.7562059569,62457.81655930402,848285.4219227331,1086664.0564690477,0.0,0.0,103193.06340072198,20505.574917836584,0.0,0.0,3566303984544.74,3568322400000.0,3566304000000.0,0.0,3537454592671.804,3563167538494.618,2423992347367.0474,3566304000000.0,68581046324.05483,3566304000000.0,3566304000000.0,0.0,0.0,70329157447.41936,3566303984544.74,49733512897.0,307440.0,12533.0,12307.0,226.0,24840.0,1116.3718018653103,1259.6249441798143,1698.347432064476,1666.6100323711005,"Kingsport-Bristol-Bristol, TN-VA",28700.0,3.2,3.2,3.0,3.0,2.9,2.9,2.9,2.9,2.8,2.6,2.5,2.4,2.4,2.5,2.5,2.6,2.7,2.7,2.9,2.9,2.9,3.0,3.0,3.1,3.2,3.3,3.4,3.4,3.4,3.4,3.3,3.3,3.1,3.2,3.2,3.3,3.3,3.4,3.4,3.4,3.5,3.9,5.0
28740,"Kingston, NY",New York,0.0,407066.55861218256,87726.53115958099,52103.907352011855,101925.68964217573,141078.84542635563,129164.7896283006,42487.65871037911,17399.99999999996,579731.6649783205,380854.5021160864,1114615.8506779985,3559459.269243909,0.0,0.0,306.79623093728,15013.336818248585,0.0,956217.525827054,2102.807556008559,315271.1,7994.61846237231,0.484308582725892,6329417.934342126,654802.2792558762,105000.00000000016,75850.68055413749,2300008.2761220303,325183.77045241126,1530152.6924669112,0.0,0.0,70268.48952032442,34797.44109187396,0.0,10293085374.031824,2107627200000.0,2109471600000.0,2107627200000.0,2107627200000.0,2107390357217.1667,2107204877268.8047,1116827378917.1467,2107627200000.0,71343270732.98419,2107627200000.0,2107627200000.0,0.0,0.0,74765393468.41121,2107627200000.0,44673579046.0,181692.0,8195.0,7700.0,495.0,15895.0,829.9644570703013,871.593942154258,1156.4000172950534,1247.961537868856,"Kingston, NY",28740.0,2.3,2.2,2.3,2.1,2.3,2.4,2.7,3.0,3.1,3.0,2.9,2.8,2.8,2.8,2.7,2.7,2.7,2.6,2.6,2.5,2.9,3.0,3.6,4.2,4.6,5.0,4.6,4.6,4.3,3.7,3.9,3.6,3.2,3.6,3.4,3.3,3.3,3.4,3.4,3.7,4.1,4.4,4.6
28940,"Knoxville, TN",Tennessee,0.0,0.0,111453.63549751924,4947613.0633686,527970.6087890894,0.0,15378.528307189868,155202.63225767002,241143.81723269343,5027255.924263333,1358845.0088622635,4483551.070678765,15963918.235931393,0.0,0.0,101689.05447123728,586105.5458877647,0.0,0.0,228.90589601029927,18526329.2,1154580.6548438866,0.0,927647.4595121266,2555240.842328174,718543.2881173745,232702.76398494717,3601903.6053425395,1538549.8206974654,13886585.169228494,0.0,0.0,780619.1075980775,378136.051076217,0.0,0.0,714054250042.2587,10478280000000.0,10470890800000.0,0.0,10454559240013.611,10467232974880.633,5697324249119.676,10470890800000.0,127900602463.55592,10470890800000.0,10470890800000.0,0.0,0.0,182437205858.76868,10470888819630.482,150752436043.0,902663.0,40243.0,30348.0,9895.0,70591.0,2622.210708543461,1815.7742150388635,3183.8332242754173,3194.9899843348494,"Knoxville, TN",28940.0,3.2,3.2,3.1,3.2,3.1,3.1,3.1,3.1,3.0,2.9,3.0,3.0,2.9,3.0,3.0,3.0,3.1,3.1,3.1,3.0,3.0,3.1,3.2,3.4,3.3,3.6,3.6,3.6,3.4,3.3,3.3,3.3,3.2,3.2,3.2,3.3,3.3,3.4,3.5,3.7,3.9,4.5,5.3
29020,"Kokomo, IN",Indiana,0.0,0.0,66812.73738102184,68705.17150696913,1556.2145297430377,40245.98002338892,494.1079369350177,85039.59867798675,17399.999999999985,104540.89971791656,142947.78817640047,1153084.058969042,1542571.327799959,0.0,0.0,1351.757097846963,84849.37825678529,0.0,0.0,3291.958956299371,686463.7,1055175.8768408168,2500.928490165634,61211.4540965199,9956.52732273938,4499.999999999984,4359.189140795384,1456138.2351686284,852532.003587148,2731995.9937563515,0.0,0.0,14865.561142050552,32897.547568673675,0.0,0.0,970374800000.0,970432800000.0,970374800000.0,970374800000.0,970374800000.0,970374800000.0,30150972695.153942,970374800000.0,14436644219.498823,970374800000.0,970374800000.0,0.0,0.0,223678778085.92383,970374800000.0,16591013018.0,83653.0,4123.0,3992.0,131.0,8115.0,714.1484439526561,741.9245244632367,1037.2439443062565,1021.6936918665986,"Kokomo, IN",29020.0,2.0,2.2,2.1,1.9,1.7,1.7,1.7,1.7,1.7,1.7,1.7,1.8,1.8,1.8,1.8,1.9,2.0,2.0,2.0,2.0,2.1,2.1,2.2,2.2,2.2,2.3,2.2,2.1,2.1,2.1,2.1,2.2,2.1,2.0,1.9,2.0,2.0,2.0,2.0,2.0,2.1,2.4,2.9
29100,"La Crosse-Onalaska, WI-MN",Minnesota,0.0,0.0,601484.0268831565,5545.23110545147,124549.248060485,1057458.626875514,4.079614439999998,56007.2345632792,95861.16076985074,130154.98411998853,1016086.8859439588,905558.9224246494,3539479.081520185,0.0,0.0,2266.79010066304,87651.51108420952,0.0,0.0,1583.3819118728184,20948.4,3907329.794042647,1731.1838881402086,1608.6456338278497,31594.97749030427,192502.60010430132,63839.52034209926,1729155.4794272296,355388.2899614605,3280466.0984739456,0.0,0.0,20760.8019663732,71099.58906128895,0.0,0.0,1616483200000.0,1619673200000.0,1616483200000.0,1616483200000.0,218161200000.0,1613970192479.5603,511949356154.1359,1616483200000.0,46373718475.88289,1616483200000.0,1616483200000.0,0.0,0.0,93468061830.32216,1616483200000.0,29878616114.0,139352.0,8744.0,7490.0,1254.0,16234.0,799.9181208098739,851.2825617854509,1142.2779871817545,1194.015075281715,"La Crosse-Onalaska, WI-MN",29100.0,3.0,2.7,2.4,2.5,2.4,2.4,2.3,2.3,2.2,2.2,2.2,2.2,2.2,2.2,2.3,2.3,2.3,2.3,2.3,2.4,2.4,2.5,2.6,2.7,2.8,3.0,2.9,2.9,2.9,2.9,2.8,2.9,2.9,2.9,2.9,2.9,2.8,2.8,2.9,2.9,2.9,3.3,3.8
29180,"Lafayette, LA",Louisiana,0.0,143236.74952298217,0.0,198039.75667060155,139180.16451312005,820751.667439814,8648585.06123166,449667.3291249987,79025.53567875082,1050218.227152513,36906461.36904236,448235.0690035944,8252829.823914067,0.0,0.0,38246.602572934265,109946.78705148328,0.0,3744602.1326150983,0.0,668661.5,347037.50517421385,203.522722377025,168111913.0049771,465806.6671351444,19300.312029366894,232468.9605444964,126524257.34944049,141024.7997401467,4889685.613376855,0.0,0.0,355269.1256805514,2242.533284365484,0.0,1728525336771.0718,0.0,5549254400000.0,5544278000000.0,5544278000000.0,5544091942885.585,5535326491421.901,63098202996.257385,5544278000000.0,1272193243719.7676,5544278000000.0,5544278000000.0,0.0,0.0,1076088900572.1832,5544278000000.0,82355152899.0,477955.0,14546.0,17190.0,-2644.0,31736.0,1684.6557511847932,1633.845463928581,2369.289133896494,2324.5971694037657,"Lafayette, LA",29180.0,3.3,3.2,3.4,3.6,3.6,3.3,3.3,3.0,2.7,2.7,2.8,2.7,2.8,2.8,2.9,2.9,2.8,2.7,2.8,2.8,2.8,2.9,3.0,3.0,3.1,3.2,3.3,3.3,3.1,3.1,3.1,3.0,2.9,2.9,2.8,3.2,3.2,3.4,3.4,3.4,3.4,3.6,3.9
29200,"Lafayette-West Lafayette, IN",Indiana,0.0,0.0,2471952.343229733,161634.4775549821,115254.90143806628,2143313.760276351,1545.7082213242854,175002.0974418312,46960.26474352863,542006.6541145784,1837870.360765357,1665014.5505318888,3329487.565711982,0.0,0.0,4381.005186906699,503133.7730098808,0.0,0.0,5537.015227128837,1271180.5,1858788.264331744,7386.913274275934,210478.89574968323,125275.22763020251,181959.22953949333,14697.089672090578,1564654.4849950464,478229.5711260415,2654802.1712619574,0.0,0.0,49725.9442269242,350439.4739949052,0.0,0.0,2494382800000.0,2497201600000.0,2494382800000.0,2494382800000.0,2494382800000.0,2494359093902.2607,466589806397.6201,2494382800000.0,48021843844.93613,2494382800000.0,2494382800000.0,0.0,0.0,724936372486.0063,2494382800000.0,42600298781.0,215033.0,19493.0,13222.0,6271.0,32715.0,1345.1553813593432,1129.040743286087,1734.9135425144389,1776.8449566577272,"Lafayette-West Lafayette, IN",29200.0,2.7,2.7,2.6,2.5,2.4,2.4,2.4,2.4,2.3,2.3,2.3,2.3,2.4,2.5,2.6,2.6,2.7,2.7,2.7,2.7,2.8,2.9,2.9,2.9,2.9,2.9,2.9,2.7,2.7,2.7,2.7,2.6,2.5,2.5,2.4,2.6,2.6,2.7,2.9,3.0,3.1,3.6,4.3
29340,"Lake Charles, LA",Louisiana,0.0,140537.92721794028,6.886758994117872,62144.48340987898,57629.42360149109,566414.4519641541,2916505.094670761,141035.2715258133,18185.293564354484,1757441.264339137,26398843.18618068,317219.01035839674,4290746.145004741,0.0,0.0,487438.1550852168,11321.64811253296,0.0,180379.70337544705,0.110044185774828,261810.5,1106263.0876597273,240.37286644484996,82235476.50718042,324141.70832738106,4659.895967907531,51570.091830736055,11680757.5914162,158670.29957498403,5477520.740086446,0.0,0.0,5605773.705040244,782.9476681617483,0.0,969657718612.7554,2162983498.2617607,2579863200000.0,2578297200000.0,2578297200000.0,2578274474377.5303,2578297200000.0,21553673634.422653,2578297200000.0,495523626658.3871,2578297200000.0,2578297200000.0,0.0,0.0,202785375313.71124,2578297200000.0,43388150643.0,222267.0,7490.0,8384.0,-894.0,15874.0,1087.583560008149,1025.080972411448,1502.7724378627656,1485.8761724989065,"Lake Charles, LA",29340.0,2.7,2.8,2.9,3.1,3.2,3.2,3.2,3.0,2.7,2.5,2.4,2.3,2.3,2.4,2.4,2.4,2.4,2.4,2.5,2.5,2.5,2.6,2.7,2.7,2.8,2.9,3.0,2.9,2.9,3.0,3.0,3.0,2.9,2.8,2.8,3.0,2.9,3.1,3.3,3.3,3.2,3.2,3.4
29420,"Lake Havasu City-Kingman, AZ",Arizona,0.0,0.0,0.042785783837289,1018312.07775131,1453.1257999997806,2439597.1879070182,0.0,123851.57123886644,21452.15277919397,68599.56086037803,4288260.787459099,96711.65127800177,1317.165355677298,0.0,0.0,7456.963806186977,926.6782806582322,0.0,0.0,0.005369988628475,3994558.8,123.80654030382324,224.3057352242081,0.0,648.6478793604318,6041.52847311087,30435.354353946204,1071917.19076539,84891.0291906869,3711.221273417442,0.0,0.0,14439512.797865404,261.3421557380028,0.0,0.0,23247690.664546,2473897200000.0,2468862800000.0,2468862404159.744,0.0,2468862800000.0,263071928013.73425,2468862800000.0,59696317663.97759,2468862800000.0,2468862800000.0,0.0,0.0,336347212062.601,1683771957427.762,42294226404.0,212833.0,16908.0,10463.0,6445.0,27371.0,1734.0377735216728,1064.026315464049,2015.6128100406584,2053.2135787589173,"Lake Havasu City-Kingman, AZ",29420.0,3.1,3.4,3.4,3.7,3.6,3.6,3.6,3.5,3.3,3.2,3.1,3.2,3.3,3.3,3.1,3.1,3.1,3.0,3.1,2.9,3.0,3.2,3.4,3.7,4.5,5.4,5.9,5.5,4.5,4.1,3.6,3.5,3.5,3.7,3.6,3.7,3.8,3.9,4.1,4.2,4.5,5.7,6.9
29460,"Lakeland-Winter Haven, FL",Florida,0.0,0.0,2041899.6681549249,89047.60089737075,35956.17412667833,0.0,4171214.37198584,0.0,17399.999999999945,7456854.268064832,8470183.638251081,390970.041391762,2767617.7377259964,0.0,0.0,5437.873993334931,0.0,0.0,0.0,10533.4675673858,223611.1,161089.96341542187,0.0,112405226.3649476,0.0,4500.000000000002,332402.3271204933,128724.64445939344,6508578.055616204,5684347.479577277,0.0,0.0,14454654.583210588,0.0,0.0,0.0,8374248800000.0,8410533600000.0,8374248800000.0,0.0,8373987129928.935,0.0,401286639449.86975,8374248800000.0,456761295763.3153,8374248800000.0,8374248800000.0,0.0,0.0,614411180886.4686,0.0,100744534946.0,721918.0,51158.0,35277.0,15881.0,86435.0,3202.1725437583777,2520.379931676968,4041.1674055896274,4108.288451411366,"Lakeland-Winter Haven, FL",29460.0,3.4,3.3,3.3,3.2,3.1,2.9,2.8,2.7,2.6,2.5,2.5,2.5,2.6,2.5,2.4,2.4,2.4,2.3,2.3,2.3,2.3,2.4,2.7,2.8,3.0,3.6,4.2,4.2,3.4,2.5,2.3,2.2,2.5,2.8,3.0,3.2,3.5,3.6,3.9,4.0,4.2,4.8,5.9
29540,"Lancaster, PA",Pennsylvania,0.0,0.0,398565.12394125806,234714.86103533127,3110.695171210456,979165.5989234204,543386.2945576946,292132.73833782045,20807.65552476765,1306410.988052712,1139969.962780462,267507.5738288929,682449.0664832625,0.0,0.0,696.4579731870319,581642.9048374529,0.0,0.0,1042.53198634848,980541.9,625.1894165906048,0.049447730730657,18608248.9018364,55810.07877135247,154478.7931304428,2465.619585985038,547388.6531438015,855950.1441737788,2706459.732866396,0.0,0.0,50850.36360567961,258385.13112784704,0.0,0.0,6410542800000.0,6414614400000.0,6410542800000.0,6410542800000.0,6408405009065.755,6409622681911.192,1788753114805.6018,6410542800000.0,86147797489.86742,6410542800000.0,6410542800000.0,0.0,0.0,798300222275.4094,6410542800000.0,105000884140.0,552633.0,20301.0,21405.0,-1104.0,41706.0,1572.8795249477946,1485.9030923986934,2167.143280911532,2161.164500911488,"Lancaster, PA",29540.0,2.4,2.4,2.5,2.3,2.2,2.2,2.2,2.3,2.4,2.5,2.6,2.7,2.7,2.7,2.7,2.7,2.6,2.6,2.6,2.5,2.5,2.6,2.8,2.9,3.2,3.5,3.7,3.6,3.5,3.4,3.3,3.3,3.2,3.1,3.1,3.1,3.0,3.0,3.1,3.1,3.2,3.4,3.9
29620,"Lansing-East Lansing, MI",Michigan,0.0,0.0,1268263.2300450862,161393.56462762656,28158.727279730327,1056340.025091085,2317.229135737241,15784.963497337114,52199.99999999566,866143.6399903904,683161.4185595603,1943354.9379858589,10455194.240208704,0.0,0.0,9010.330431937273,362771.7693093956,0.0,0.0,8850.777921762303,538166.0,247601.29140518917,10149.443630585993,250589.42923950605,859092.7341978888,13499.999999999978,111376.00261132757,349996.5944183428,7531817.8818289535,14917538.822368467,0.0,0.0,88000.15568341356,155257.34782255013,0.0,0.0,5485848058412.116,5489154800000.0,5485848800000.0,5485848058412.116,5480989930442.493,5485743560373.497,130987204644.30524,5485848800000.0,165065123858.55975,5485848800000.0,5485848800000.0,0.0,0.0,1490707523794.628,5485848058412.116,87614284926.0,472918.0,30589.0,25102.0,5487.0,55691.0,1620.819545785403,1710.01637419061,2363.4747724483964,2348.7430681111123,"Lansing-East Lansing, MI",29620.0,2.2,2.3,2.0,1.9,1.8,1.8,1.8,1.9,1.9,1.9,1.9,1.9,2.0,2.0,2.0,2.1,2.1,2.2,2.3,2.4,2.4,2.6,2.8,2.9,3.0,3.0,2.9,2.6,2.0,1.6,1.8,1.6,1.8,2.1,2.3,2.4,2.5,2.5,2.5,2.5,2.7,2.9,3.3
29700,"Laredo, TX",Texas,0.0,0.0,1130877.8844806273,2826.616285200032,115291.395041164,336343.26368615776,91608.41960787227,9086.71960418224,17400.000000001386,51134.24184345821,276084.0817069046,41064.60708060321,1403638.1935065207,0.0,0.0,825.579472511916,46075.5015181178,0.0,0.0,6474.055374755535,8837.899999999998,47496.00819892088,68.89957492257993,2771619.969861535,192342.92667655647,4499.999999999999,95620.32767029812,613403.9800706498,575777.1470628801,346892.810027535,0.0,0.0,135933.93740120242,122.0707510826332,0.0,0.0,3090008000000.0,3098522400000.0,3090008000000.0,3090008000000.0,3087082867757.499,3090008000000.0,55392107765.0008,3090008000000.0,145111078839.93765,3090008000000.0,3090008000000.0,0.0,0.0,89952827748.50755,3090008000000.0,37305692382.0,266380.0,3296.0,7228.0,-3932.0,10524.0,543.7389079328424,1018.3614289632144,1147.117256430222,1161.4202512441395,"Laredo, TX",29700.0,3.2,3.3,3.7,4.0,4.1,4.0,4.0,3.7,3.3,3.1,3.0,2.8,2.8,2.8,2.8,2.8,2.8,2.8,2.8,2.9,2.9,3.0,3.1,3.2,3.2,3.2,3.4,3.4,3.2,3.2,3.1,3.1,3.0,3.1,3.1,3.3,3.3,3.3,3.1,3.0,3.0,3.3,3.9
29740,"Las Cruces, NM",New Mexico,0.0,0.0,0.0,1252578.3886274411,6381.586183362895,5.551545098454084,230.223942173688,4357.380838420778,17399.999999999738,318811.8409183509,30562.36722383399,30459.21223910817,75695.92418048123,0.0,0.0,2893.3137174512085,82457.17511967894,0.0,0.0,0.0,8387196.7,1298450.111448785,8.91733752e-07,74381.58931142242,32702.909882675096,4499.999999999995,1327.3087141313483,2169103.9425832755,155508.1538644661,94843.61936256677,0.0,0.0,539271.7476083599,160.0842761326872,0.0,0.0,0.0,2546907600000.0,2539704000000.0,2249176388.51058,2538042300067.4355,2539704000000.0,163682639913.35617,2539704000000.0,156698366149.39435,2539704000000.0,2539704000000.0,0.0,0.0,248981922476.6828,2539704000000.0,91607079306.0,218940.0,13481.0,11177.0,2304.0,24658.0,1630.19231994265,1312.7878731920096,2101.3005496596625,2085.1645019038665,"Las Cruces, NM",29740.0,3.0,3.1,3.3,3.2,3.1,3.1,3.2,3.2,3.1,3.1,3.0,3.0,3.0,3.1,3.1,3.2,3.2,3.2,3.1,3.0,3.0,3.1,3.2,3.3,3.5,3.8,4.1,4.1,4.0,3.9,3.9,3.9,3.9,3.8,3.7,3.7,3.9,4.0,4.0,3.9,3.9,4.5,5.2
29820,"Las Vegas-Henderson-Paradise, NV",Nevada,0.0,0.0,0.15637005438478,44301519.62964495,12251.323814326115,137870946.4409103,0.0,0.0,22322.061121838586,397196.7459953705,1983478.5000340585,183712.0932941196,13760.661906797222,0.0,0.0,25970.66212335079,8527.823982985481,0.0,0.0,0.004361293491792,112689961.3,903572.4717359056,308.8948573337596,0.0,0.0,189505.5542812695,181874.9690244644,4969740.980831059,67137.12106076983,33751.29032179143,0.0,0.0,25380703.57359148,10.15481285350224,0.0,0.0,1080948511.583686,26279347600000.0,26221916000000.0,26221915864271.3,0.0,0.0,1584504651165.4172,26221916000000.0,82513204997.7378,26221916000000.0,26221916000000.0,0.0,0.0,1142114092566.1416,26221915864271.3,395360231575.0,2260510.0,102177.0,72541.0,29636.0,174718.0,4168.331440756601,3383.5225727043703,5230.319206320012,5503.362881002851,"Las Vegas-Henderson-Paradise, NV",29820.0,3.2,3.4,3.6,3.4,3.2,3.1,3.1,2.9,2.8,2.8,2.9,3.1,3.2,3.2,3.1,3.0,3.0,3.0,3.0,2.9,3.0,3.3,3.5,3.9,5.5,5.9,5.7,5.2,3.8,2.6,2.6,2.4,2.6,3.4,3.8,4.1,4.3,4.5,4.9,5.0,5.2,6.3,7.4
29940,"Lawrence, KS",Kansas,0.0,0.0,665639.3515186113,40885.28731906216,118565.914858723,464807.343728587,0.0,891036.8486178771,17400.000000000106,50851.56220536723,196218.0060739355,775997.2835024397,6787017.106688457,0.0,0.0,602.7255549170176,193537.3552266649,0.0,0.0,114.92885271681408,159853.8,1742537.2980801058,98049.1723084274,0.0,896.6975599615349,104999.99999999984,33672.97527888379,483379.9794541697,2173400.8492844244,3753636.450169567,0.0,0.0,27211.425684267066,100925.00069206684,0.0,0.0,1376524681023.872,1377906000000.0,1376525600000.0,1376524681023.8718,0.0,1373752555312.8264,340718405885.29706,1376525600000.0,19936953163.82433,1376525600000.0,1376525600000.0,0.0,0.0,196773277585.14548,1376524681023.872,24504885879.0,118666.0,12900.0,12135.0,765.0,25035.0,1235.6083521893172,1596.5478383061372,2061.822737288538,1976.300837423291,"Lawrence, KS",29940.0,3.3,3.3,3.2,3.2,3.1,3.0,3.1,3.0,2.9,2.8,2.7,2.7,2.7,2.7,2.9,3.0,3.0,3.0,3.0,3.0,3.1,3.2,3.4,3.6,3.8,3.8,3.8,3.7,3.7,3.6,3.6,3.5,3.4,3.4,3.4,3.4,3.3,3.3,3.4,3.3,3.5,4.3,5.2
30020,"Lawton, OK",Oklahoma,0.0,0.0,1161704.4049600756,566497.8280920592,216627.82705689716,661467.7331739074,1229.564172593486,229595.40467350616,17607.981494663312,35859.77035194755,1061604.2681643798,1113844.9155432535,5821128.888446135,0.0,0.0,49205.32682855895,271507.5837938644,0.0,0.0,4905.480404230461,1442442.1,10166437.513370989,556.8656142348362,82364.04699571151,67079.85129317356,4546.2563680911535,10765.014029742331,97353.40300917428,1605540.771857689,4077293.0576739255,0.0,0.0,2259038.7293588,11221.132859641788,0.0,0.0,1463746000000.0,1469163200000.0,1463746000000.0,1463746000000.0,1463746000000.0,1463746000000.0,23502524916.195503,1463746000000.0,74712662061.70267,1463746000000.0,1463746000000.0,0.0,0.0,143772006951.0977,1463746000000.0,18844689287.0,126185.0,15219.0,11873.0,3346.0,27092.0,1294.518443283061,1222.1374718091251,1793.004461790321,1766.8149308855186,"Lawton, OK",30020.0,3.0,3.0,3.2,3.3,3.2,3.0,2.9,2.7,2.5,2.5,2.4,2.3,2.2,2.2,2.2,2.3,2.3,2.3,2.3,2.3,2.3,2.4,2.5,2.5,2.6,2.8,2.9,2.9,2.9,2.9,2.9,2.9,2.9,2.8,2.8,2.6,2.7,2.7,2.7,2.7,2.8,3.2,3.7
30140,"Lebanon, PA",Pennsylvania,0.0,0.0,103268.79315368668,44528.09874806512,50517.45461981352,253671.97839893828,123190.23094072352,75930.85866413136,17400.00000000029,600418.3481622158,298605.61409738235,994022.4179210512,963725.840587971,0.0,0.0,276.6527298389742,153243.4667592569,0.0,0.0,290.7386248846512,199053.4,2212.198447893948,0.609218464010964,5208179.549911693,14734.583322751536,104999.99999999968,10328.502311872124,117738.06103937388,157093.195510345,1325945.2409939168,0.0,0.0,22329.26810430917,73273.84853649438,0.0,0.0,1660980800000.0,1661781200000.0,1660980800000.0,1660980800000.0,1660274310646.3037,1660579066295.8125,295493598834.68567,1660980800000.0,25012953999.448437,1660980800000.0,1660980800000.0,0.0,0.0,319123807554.23486,1660980800000.0,29282375089.0,143188.0,7669.0,8238.0,-569.0,15907.0,1067.086688137379,1183.9949324215877,1603.2311124725593,1584.633711619187,"Lebanon, PA",30140.0,2.0,2.0,2.0,2.0,2.0,2.0,2.1,2.2,2.3,2.3,2.3,2.4,2.4,2.5,2.5,2.5,2.5,2.5,2.5,2.4,2.4,2.5,2.6,2.6,2.7,2.9,3.1,3.2,3.2,3.1,3.1,3.0,2.9,2.9,2.9,2.9,2.9,2.9,2.9,2.9,2.9,3.0,3.3
30300,"Lewiston, ID-WA",Idaho,61532.536375386975,0.0,6.494302122345676,60251.26628671918,6327.6648167536205,438923.6521885068,0.0,8814.557752073206,127276.14120996732,24955.69690947745,29845.49467671,42312.377026963615,49835.27757013493,0.0,0.0,458.2093720581905,47555.72910797634,79.13967830167745,0.0,0.080414278566921,362617.4,2844.631381732186,9637.4913409579,0.0,662.6379209060525,32466.83304171879,612.5828486863641,205371.2340776315,40392.78092760652,23997.14720351497,0.0,0.0,1641497.2850018712,738.0371956369565,58000000.0,0.0,1494673869.0602007,746750000000.0,746425200000.0,746425200000.0,0.0,746425200000.0,332513879813.0749,746425200000.0,10149626273.50306,746425200000.0,746425200000.0,0.0,0.0,76148247497.57481,746425200000.0,13076788729.0,64347.0,3277.0,3289.0,-12.0,6566.0,590.3177110675234,497.5620564311552,787.3830071826544,756.2096270215026,"Lewiston, ID-WA",30300.0,2.8,2.8,2.7,2.6,2.4,2.6,2.5,2.5,2.2,2.2,2.3,2.3,2.4,2.4,2.7,2.8,2.8,2.8,2.7,2.8,3.0,3.1,3.1,3.0,3.2,3.4,3.7,3.7,3.6,3.8,3.7,3.7,3.7,3.9,3.8,3.9,3.9,4.3,4.2,4.5,4.8,5.7,6.7
30340,"Lewiston-Auburn, ME",Maine,0.0,0.0,12487.047897309349,116695.58618873551,18942.34594690709,18333.73418277788,193357.4099442842,40598.71170783622,17399.99999999996,152454.2479556162,236130.47464947088,115909.2942628498,166254.45737993036,0.0,0.0,3701.403750569424,362.4579001417935,0.0,0.0,383.49615027178993,548797.5,1512.4952163571727,0.020561303291499,6211751.354470214,1058080.4124431035,104999.99999999945,7286.5054505787375,239784.49198818568,2365.1242881050684,54541.896548989134,0.0,0.0,34620.611780528634,2689.763057927344,0.0,0.0,1288818000000.0,1289212400000.0,1288818000000.0,1288818000000.0,1288818000000.0,1288813061996.3467,723797408369.3655,1288818000000.0,19804524238.097378,1288818000000.0,1288818000000.0,0.0,0.0,612480947537.6289,1288818000000.0,19037176553.0,111105.0,5380.0,6249.0,-869.0,11629.0,684.2755293008804,931.1530486445288,1194.7957984526058,1113.530421676929,"Lewiston-Auburn, ME",30340.0,2.5,2.7,2.6,2.5,2.6,2.7,2.9,3.1,3.2,3.2,3.2,3.3,3.2,3.0,2.8,2.7,2.7,2.5,2.5,2.4,2.4,2.6,2.8,3.0,3.2,3.6,3.7,3.7,3.6,3.6,3.5,3.3,3.3,3.2,3.1,3.0,3.0,3.1,2.9,2.9,2.9,3.2,3.8
30460,"Lexington-Fayette, KY",Kentucky,0.0,0.0,1798375.2426745004,1592943.6090725225,762209.1651528951,973034.5466012198,6210.990965993899,217985.88442317283,111736.92368249012,1663788.8304891156,1597261.98393347,5940066.937851433,21197361.029054604,0.0,0.0,12200.056878171255,206301.46372301164,0.0,0.0,21865.044740294565,5132576.6,703157.617933976,29097.73549984946,523900.0110682154,1267199.1078052677,29254.779481058416,186945.553387636,860624.6261535776,2611806.93192586,13159087.907065356,0.0,0.0,68902.73419607809,233163.92861855947,0.0,0.0,5991514935001.448,5995007600000.0,5991516000000.0,5991514935001.448,5964697916357.909,5990049372083.992,566955103030.1189,5991516000000.0,89470422569.46349,5991516000000.0,5991516000000.0,0.0,0.0,822411585140.1504,5991514935001.448,95340612799.0,516510.0,29541.0,25659.0,3882.0,55200.0,1957.1144575624596,1753.412672476163,2620.0545795841736,2634.938708964594,"Lexington-Fayette, KY",30460.0,3.2,3.4,3.1,3.2,3.1,3.1,3.0,2.9,3.0,2.8,2.6,2.6,2.7,2.7,2.8,2.7,2.6,2.7,2.7,2.7,2.9,3.0,3.1,3.3,3.3,3.4,3.3,3.1,3.0,2.9,3.1,2.9,2.9,2.9,2.8,2.8,2.8,2.9,2.9,3.0,3.2,3.6,3.9
30620,"Lima, OH",Ohio,0.0,0.0,17724.699322550627,149410.55115602323,1470.915016872261,49164.711849444735,1297.087859239148,530.3887669916478,17399.999999997926,100491.21225754535,90337.06424337142,218858.00271309723,389954.48088446807,0.0,0.0,527.7103764678671,77981.59027587075,0.0,0.0,4393.407845999511,676768.6,1118143.657841344,818.8440767526438,140792.98183728775,11882.038965547568,4500.000000000001,17466.252993999573,27433.635761908685,585423.8121355864,2212794.703299611,0.0,0.0,6075.726100195609,3781.473829258545,0.0,0.0,1185415224085.412,1185589600000.0,1185415600000.0,1185415224085.412,1184717054512.44,1181153020499.3196,35180716719.22379,1185415600000.0,23720734610.011,1185415600000.0,1185415600000.0,0.0,0.0,79656889932.34671,1185415224085.412,22716708588.0,102191.0,5155.0,6024.0,-869.0,11179.0,684.6524665843248,978.549947626589,1189.1122739253851,1199.196814538798,"Lima, OH",30620.0,2.4,2.3,2.2,2.1,2.0,1.8,1.8,1.9,1.9,2.0,2.0,2.0,2.1,2.1,2.1,2.1,2.2,2.2,2.2,2.2,2.2,2.3,2.3,2.3,2.3,2.3,2.2,2.2,2.2,2.2,2.3,2.2,2.1,2.2,2.2,2.2,2.1,2.2,2.1,2.2,2.3,2.8,3.3
30700,"Lincoln, NE",Nebraska,0.0,0.0,33411.92343291775,23949.42501849179,646911.3744647995,29105.75893858852,0.0,2943770.200516182,25864.700221575626,154212.31704821985,3747171.733181484,2454518.9473706977,22154898.20337856,0.0,0.0,83.73964834494056,3133588.248882065,0.0,0.0,1374.1407868011872,137819.3,1818826.021711567,24485.20667826392,0.0,7166238.586841093,6179.3627189283925,115557.2624976563,6843109.868689395,412125.70629661856,17032314.38762209,0.0,0.0,219983.76846781615,6163.4907606498655,0.0,0.0,3941408240878.549,3946517200000.0,3941413200000.0,3941408240878.55,0.0,3938245124633.4966,29482125679.86027,3941413200000.0,141131871207.79053,3941413200000.0,3941413200000.0,0.0,0.0,352155783053.6052,3941408240878.548,58198565511.0,339777.0,23362.0,15716.0,7646.0,39078.0,1584.484774303622,1265.1877331052494,2032.1277026801245,2023.3160899869304,"Lincoln, NE",30700.0,2.3,2.2,2.3,2.2,2.1,2.1,2.0,2.0,1.9,2.0,2.0,2.0,2.1,2.2,2.3,2.3,2.4,2.4,2.5,2.4,2.5,2.7,2.8,2.9,2.9,2.9,2.9,2.7,2.7,2.7,2.7,2.7,2.8,2.8,2.8,2.8,2.9,2.9,3.1,3.2,3.4,3.7,4.1
30780,"Little Rock-North Little Rock-Conway, AR",Arkansas,0.0,0.0,3399198.6698095296,11137864.482513206,75946.72619037231,9676365.476113977,24495.543410057348,468245.478828645,104400.00000000055,3134558.199255636,2386529.06221173,5938308.989636086,47723020.36178279,0.0,0.0,100056.05941959584,544154.7170111152,0.0,0.0,10521.078521713282,23412678.7,6611179.649151436,5088.498697203853,1536071.6572977968,1907606.6152996456,157500.00000000023,756906.4769220109,4599848.207696564,2352779.7292139707,23926655.53673166,0.0,0.0,351656.3642547042,4296754.053919476,0.0,0.0,8459752394046.3,8677159600000.0,8667322800000.0,8667322794046.3,8653511428649.17,8664673130683.79,2536598366552.3813,8667322800000.0,333805056743.23,8667322800000.0,8667322800000.0,0.0,0.0,753739196865.3722,8667322794046.3,123421492870.0,747183.0,27702.0,32052.0,-4350.0,59754.0,1978.1327053562409,2143.2351714172664,2944.222138358449,2889.500129780236,"Little Rock-North Little Rock-Conway, AR",30780.0,3.0,3.0,2.8,2.9,2.8,2.8,2.8,2.7,2.6,2.4,2.4,2.3,2.5,2.6,2.4,2.4,2.4,2.4,2.5,2.3,2.2,2.4,2.4,2.6,2.6,2.8,2.9,2.8,2.8,2.9,2.9,2.8,2.9,2.8,2.7,2.7,2.7,2.7,2.7,2.7,2.8,3.2,3.6
30860,"Logan, UT-ID",Idaho,244952.6682605428,0.0,24725.867850547755,7763698.468532175,26957.26020251374,855956.3559440373,0.0,26308.119363610764,116582.18544408382,338545.039821633,589126.3737145014,148911.89889920014,247016.1630075851,0.0,0.0,53.519135845616574,1978992.113061618,633.1174266508385,0.0,549.9478554552994,16182984.1,3390.343690063447,4143.125382064766,0.0,56855.93930692567,29557.84736517398,2579.009574254189,82104.01382739202,144616.32569022302,111211.64275068109,0.0,0.0,1170428.6836979557,48274.87488322732,58000000.0,0.0,181507624643.9179,1709236800000.0,1708158000000.0,1541790399834.1765,0.0,1708158000000.0,432653301954.2063,1708158000000.0,32915455252.320656,1708158000000.0,1708158000000.0,0.0,0.0,125867053675.55574,1708158000000.0,19944129408.0,147255.0,9947.0,9172.0,775.0,19119.0,884.8593108511658,988.728476377615,1347.0382325680291,1306.8771939245096,"Logan, UT-ID",30860.0,3.4,3.5,3.5,3.5,3.2,3.2,3.0,2.8,2.6,2.4,2.3,2.4,2.4,2.5,2.8,3.0,3.1,3.2,3.2,3.2,3.2,3.4,3.5,3.5,3.6,3.8,4.0,4.1,4.1,4.1,4.0,3.8,3.8,4.0,4.1,4.0,4.2,4.4,4.7,4.8,5.0,5.9,7.1
30980,"Longview, TX",Texas,0.0,0.0,0.0,144131.3812747338,16717.76648822263,2044006.5656625167,38396.626222746425,247103.106470646,52200.00000000098,1005470.2351188206,2768398.123641276,4018480.025366425,17772766.101233594,0.0,0.0,71886.48425958974,607277.276060823,0.0,0.0,0.0,555353.7,2245270.9890474197,1477.9799215648509,1895356.4017521655,21605.155667479485,13499.999999999984,39219.47348508532,175131.72819892815,1052222.3739502395,7247019.898581373,0.0,0.0,897263.9065380453,1087556.8735536954,0.0,0.0,0.0,2521202000000.0,2517652400000.0,2517652347302.36,2516228485325.3027,2516918039155.112,326802652917.82,2517652400000.0,50201225587.96092,2517652400000.0,2517652400000.0,0.0,0.0,215378944257.7144,2517652347302.3604,41868921752.0,217039.0,16149.0,13246.0,2903.0,29395.0,1338.7079591905024,1249.318614285403,1892.2246166879872,1767.12082212847,"Longview, TX",30980.0,2.8,2.7,2.9,2.9,2.8,2.8,2.8,2.6,2.4,2.3,2.3,2.3,2.3,2.4,2.4,2.4,2.4,2.3,2.3,2.3,2.3,2.3,2.4,2.4,2.5,2.5,2.6,2.6,2.6,2.7,2.6,2.6,2.5,2.6,2.6,2.8,2.9,2.9,2.8,2.8,2.9,3.1,3.5
31020,"Longview, WA",Washington,61532.536375386975,65164.41760415992,1531.0643475295697,11803587.69141942,6377.390922507574,86740.38561332977,0.0,44578.44131385302,140760.5376533894,32470.909052558512,314848.8935565977,28513.301342267863,127070.94240695148,13.570237156255724,775958.1854174552,11.215111061499467,19678.48951224989,79.13967830167745,499790.8229386234,2.587821210301533,25567975.0,395.63791210370334,21500.82845373898,0.0,41362.10938113056,772370.443436825,5539.194782223869,251586.77196156225,8586.51816993261,95230.48288620892,341.19621033229373,5922870.302393442,20819.627739253458,1389.9850286248588,58000000.0,409132206253.9415,4744400000.0,1284468000000.0,1283528400000.0,1283528400000.0,0.0,1283528400000.0,545466901908.6261,1283528400000.0,55229125042.70688,1283528400000.0,1283528400000.0,1193808994.0098152,1275323701409.583,358858963424.1187,1283528400000.0,22121679183.0,110649.0,7174.0,6448.0,726.0,13622.0,974.246888627313,803.3430151560416,1241.3492659199503,1283.3436796119736,"Longview, WA",31020.0,2.5,2.6,2.2,2.0,2.3,2.3,2.3,2.1,2.0,2.1,2.1,2.2,2.4,2.7,2.8,3.0,3.1,3.2,3.3,3.2,3.2,3.4,3.5,3.5,3.6,3.9,4.5,4.6,4.5,4.3,4.2,4.0,3.7,3.9,4.0,4.1,4.2,4.3,4.5,4.5,4.6,4.9,5.5
31080,"Los Angeles-Long Beach-Anaheim, CA",California,61532.536375386975,60674.272399797206,0.0,1375547485.6487875,79080.62978664046,6109568.841734507,0.0,0.0,61277.17008028594,903533.74239752,3633362.606345724,710406.2828778253,6329390.013544857,40174.00853031479,0.0,381565.10610022326,45863.89559864287,79.13967830167745,72417.4223186913,0.0,3330920997.9,25241.03845560773,3705.638204430782,0.0,0.0,549497.7465139916,18232.637960335847,6336815.504751152,60308.40620714924,14782720.921140712,5197.672471932531,0.0,157997190.3756123,704.2368814980728,58000000.0,1939341292286.994,0.0,153131576800000.0,152996564400000.0,152925153997917.28,0.0,0.0,22247092743859.145,152996564400000.0,1924667961883.5137,152996564400000.0,152996564400000.0,1100326694976.4736,0.0,1932284771965.5144,5498601440152.193,2057910830774.0,13189359.0,250693.0,393231.0,-142538.0,643924.0,5684.278142385364,8098.801516273874,9769.73100960308,10017.372609621749,"Los Angeles-Long Beach-Anaheim, CA",31080.0,4.7,4.8,4.7,4.5,4.3,4.2,4.2,4.4,5.0,5.8,6.0,5.9,5.9,5.5,5.0,4.7,4.5,4.3,4.4,4.5,4.7,5.6,6.7,7.9,9.7,11.5,12.4,11.4,9.3,7.2,7.1,7.0,7.1,7.8,8.5,8.9,9.0,9.2,9.1,9.0,9.0,9.8,10.9
31140,"Louisville/Jefferson County, KY-IN",Kentucky,0.0,0.0,1411449.4138193016,5792533.974474941,663399.474699257,3506384.670425663,1390.546716632315,494481.7558583639,294249.4349104166,3717130.2147874273,4344022.159686404,12704755.49986544,90515494.05103505,0.0,0.0,33547.31705857526,275466.7751924544,0.0,0.0,19898.25148055617,18216901.0,2103755.386574751,35670.92496188639,267793.6527496681,1928606.717607576,175846.13415211905,203386.1219807644,19187505.66791215,2961025.238561281,36096398.2211368,0.0,0.0,331470.98177128634,462822.6069934558,0.0,0.0,15285157600000.0,15292245200000.0,15285157600000.0,15285157600000.0,15273698272950.086,15239145952978.535,3018086806280.3267,15285157600000.0,570811494735.4069,15285157600000.0,15285157600000.0,0.0,0.0,5513246527383.006,15285157600000.0,242469583528.0,1317686.0,38899.0,44930.0,-6031.0,83829.0,2209.4958701025,2795.368669782217,3612.777601790622,3513.873219113063,"Louisville/Jefferson County, KY-IN",31140.0,2.4,2.4,2.3,2.2,2.1,2.1,2.1,2.1,2.1,2.1,2.2,2.3,2.3,2.4,2.5,2.5,2.6,2.6,2.7,2.7,2.8,2.7,2.9,3.0,3.0,3.0,3.0,2.9,2.8,2.8,2.9,2.7,2.8,2.8,2.8,2.9,3.0,3.0,3.1,3.2,3.4,3.8,4.1
31180,"Lubbock, TX",Texas,0.0,0.0,1434090.8292987647,41644.36502378517,207135.61682500064,333883.57258232543,1396.7633534765405,271120.1139932888,19306.188145644443,549811.2042938878,11953737.278705876,1291818.312103901,21460377.149703763,0.0,0.0,3128.1676518720365,1013654.1838489476,0.0,0.0,102775.31231146348,138804.59999999998,21780460.858723894,125.47351222193647,114498.534407116,148559.50134602614,5084.786743257162,196442.44643141856,1730821.3215725415,14052245.892293109,7503488.836727992,0.0,0.0,1520511.4763143556,1869603.6197267585,0.0,0.0,3716580327044.056,3727868800000.0,3716582000000.0,3716580327044.055,3716575424351.129,3716372021993.732,266917148522.03207,3716582000000.0,177259779580.96927,3716582000000.0,3716582000000.0,0.0,0.0,188845331873.0887,3716580327044.055,52691253662.0,320395.0,28986.0,18183.0,10803.0,47169.0,2259.7559602753568,1752.776369078497,2836.498722016282,2882.684339292112,"Lubbock, TX",31180.0,3.1,2.9,3.0,2.9,2.8,2.9,2.9,2.8,2.6,2.5,2.5,2.5,2.5,2.5,2.5,2.5,2.5,2.4,2.4,2.3,2.3,2.4,2.6,2.7,2.7,2.7,2.7,2.5,2.6,2.6,2.6,2.6,2.6,2.6,2.6,2.7,2.9,3.0,3.1,3.0,3.0,3.3,3.7
31340,"Lynchburg, VA",Virginia,0.0,0.0,24823.418487830957,130810.43309638023,122263.57965163184,16414.82737281694,91703.42837727912,1798.784826344791,105653.91651047024,1575471.8022556957,306783.361677052,1082649.7589788055,603297.7417131979,0.0,0.0,7269.153669444513,208104.80352172663,0.0,0.0,22.77512126940992,512820.8000000001,18091.696410802502,0.011000685234881,3628005.433886613,29042.558648979084,286775.16436693864,75530.10301954932,1011004.129080476,823155.8436097454,787410.5339433914,0.0,0.0,486000.5232473139,61540.97674354694,0.0,0.0,364874695318.53766,3034478800000.0,3033968400000.0,1105075397704.7112,3033961829683.1587,3033968400000.0,1544093787758.4048,3033968400000.0,23519996559.69175,3033968400000.0,3033968400000.0,0.0,0.0,132303564390.1826,3033632000000.0,44601802422.0,261549.0,15258.0,11309.0,3949.0,26567.0,1322.9629624445274,1235.745119351074,1818.2235836112125,1802.723495159477,"Lynchburg, VA",31340.0,3.1,3.0,2.8,2.8,2.6,2.5,2.5,2.6,2.7,2.7,2.6,2.7,2.8,2.9,2.9,3.0,3.0,2.9,3.0,2.9,3.0,3.2,3.4,3.6,3.7,4.0,4.3,4.7,4.4,4.1,3.9,3.8,3.6,3.6,3.5,3.6,3.5,3.6,3.5,3.5,3.6,3.9,4.6
31420,"Macon, GA",Georgia,0.0,0.0,0.0,284034.35033434106,284339.64302884013,941593.2705409126,99569.75360859824,23715.695627230623,87000.00000000634,310015.959132892,281012.3784351646,374635.80787158106,2547074.982130601,0.0,0.0,6312.011346684369,131543.02964856234,0.0,0.0,0.0,1253516.0,1570973.3794799126,7827.170855035973,4813965.611428492,693148.423242178,22499.999999999964,120761.81772167853,70497.09317341878,187124.2512877813,3816673.11990829,0.0,0.0,54734.423426606,27194.293220701904,0.0,0.0,0.0,2712103200000.0,2709713600000.0,2709712851093.212,2709599750995.368,2709676101129.8496,430373977247.9598,2709713600000.0,20301079844.23649,2709713600000.0,2709713600000.0,0.0,0.0,807859870865.3541,2709712851093.212,42879719720.0,233596.0,12672.0,10664.0,2008.0,23336.0,1148.263036067956,1325.5187663703596,1765.676357660146,1741.339426992911,"Macon-Bibb County, GA",31420.0,2.7,2.9,3.0,2.9,2.8,2.8,2.7,2.5,2.5,2.5,2.5,2.5,2.5,2.5,2.5,2.5,2.6,2.5,2.6,2.6,2.6,2.8,2.9,3.1,3.2,3.3,3.4,3.4,3.3,3.3,3.3,3.1,3.0,3.1,3.2,3.4,3.4,3.4,3.3,3.2,3.2,3.3,3.8
31460,"Madera, CA",California,36919.52184,0.0,0.0,2413178.247473041,50219.571819959965,6197726.74105071,0.0,0.0,81879.19222756667,82770.35659544113,1996604.067275989,952.4938663898032,40989.279571051455,0.0,7780.161045553171,30468.40398302653,7641.957593110096,47.483807,0.0,0.0,10682433.8,7096.533024190795,712.340131669389,0.0,0.0,23022.121474489108,239.68561253858985,13585280.8954573,1984.2297758612408,97655.55828385732,0.0,97352.94666581768,20091662.428801663,6669.198572616813,58000000.0,0.0,0.0,1812558000000.0,1811293600000.0,1811292906068.628,0.0,0.0,95616439068.72084,1811293600000.0,133650036622.21684,1811293600000.0,1811293600000.0,0.0,162210734927.8672,274126337688.0305,308269306068.628,27668098560.0,156146.0,8872.0,8275.0,597.0,17147.0,1081.342221500668,999.1025973342278,1488.1895040618988,1456.1802773008567,"Madera, CA",31460.0,3.2,3.3,3.3,3.2,3.0,2.9,3.0,3.0,3.4,3.8,3.7,3.7,3.7,3.5,3.4,3.2,3.1,3.0,3.1,3.1,3.4,3.7,4.4,5.0,5.6,6.3,6.4,6.4,4.5,3.2,3.1,2.7,2.8,3.6,4.7,4.5,4.6,4.9,4.7,4.5,4.9,5.9,6.4
31540,"Madison, WI",Wisconsin,0.0,0.0,3356759.399589052,119917.79724494464,627172.1540318818,5358622.089701718,275.43179710042784,2662187.834609773,69600.00000000012,1365243.9111084277,503852.18362557306,2968719.925330427,13086696.665786128,0.0,0.0,31804.24304320306,1934616.6808926456,0.0,0.0,4491.942918463823,461933.4,12765930.04275544,21041.68125836304,71527.97160773825,281630.32149489835,248999.99999999948,419196.41445594665,3572879.374208233,3646637.552086149,17038316.391766127,0.0,0.0,459463.9230652324,47025.17049381862,0.0,0.0,7892614697318.926,7897233600000.0,7892616800000.0,7892614697318.925,7889920228112.469,7891879931225.974,2160708296535.9043,7892616800000.0,62515067606.53753,7892616800000.0,7892616800000.0,0.0,0.0,357425086159.7913,7892614697318.924,166932541532.0,680398.0,35931.0,32238.0,3693.0,68169.0,1861.280473222668,1589.9484268365436,2380.1235262061505,2514.491399865985,"Madison, WI",31540.0,2.9,2.8,2.8,2.8,2.7,2.5,2.4,2.4,2.4,2.4,2.4,2.5,2.5,2.7,2.9,3.0,2.9,2.9,2.9,2.8,3.1,3.2,3.4,3.6,3.8,4.1,4.0,3.9,3.8,3.6,3.8,3.6,3.5,3.6,3.7,3.7,3.6,3.8,3.9,4.0,4.3,4.7,5.0
31700,"Manchester-Nashua, NH",New Hampshire,0.0,0.0,352670.98754184775,419652.6554725753,132323.35282980147,408226.4603404857,606950.3597532172,155941.9980817331,17859.725778707343,684248.46418056,1367794.214262986,971274.5801651892,3170917.072198768,0.0,0.0,56147.375562943686,86846.65366624556,0.0,0.0,1617.7600321240502,2433086.6,1567.2504858924217,0.472895114376053,20802818.672040746,3208456.2062663333,137236.35703323496,118708.92353090296,452759.0250997793,180544.68998013504,2598053.2435827795,0.0,0.0,573938.3707405913,1620.5421638861487,0.0,0.0,4905094431358.496,4906069200000.0,4905257200000.0,4905094431358.496,4904764788984.001,4904394105099.036,2012980172208.6003,4905257200000.0,127464905010.26236,4905257200000.0,4905257200000.0,0.0,0.0,446418327584.49976,4905094431358.496,77867007133.0,422867.0,25083.0,21195.0,3888.0,46278.0,1830.3218296245063,1843.6151984619785,2528.0104825732037,2665.567481794449,"Manchester-Nashua, NH",31700.0,3.1,3.0,2.8,2.6,2.7,2.9,3.3,3.5,3.4,3.3,3.3,3.1,3.0,3.0,2.9,2.8,2.7,2.6,2.7,2.7,2.8,3.1,3.4,3.7,4.0,4.2,4.1,3.9,3.5,3.3,3.4,3.1,3.1,3.2,3.2,3.4,3.4,3.6,3.6,3.9,4.2,4.5,4.7
31740,"Manhattan, KS",Kansas,0.0,0.0,8109.805412131671,35388.11168154104,100736.17611742532,243344.45792922017,0.0,141177.41008074183,43979.890483396106,517653.2548812277,301557.3572572001,454412.73771907424,4880451.584109874,0.0,0.0,503.3492660732188,42520.72283285084,0.0,0.0,175.5350987907044,129686.4,1720595.565649497,106152.60569742284,0.0,1751.9334276015384,10888.18217784163,123676.5054946403,1538675.1209798416,2039553.7635419683,3631183.4396654814,0.0,0.0,2242211.5601845384,2236.2868979019336,0.0,0.0,1128458059268.628,1128761200000.0,1128459600000.0,1128458059268.628,0.0,1128458059268.628,228210166603.6695,1128459600000.0,32227313381.75269,1128459600000.0,1128459600000.0,0.0,0.0,172269599502.75043,1128458059268.628,20859228248.0,97281.0,14521.0,16254.0,-1733.0,30775.0,1339.699219974394,1618.4402985590789,2095.3947122201107,2107.370162074048,"Manhattan, KS",31740.0,3.4,3.4,3.3,3.2,2.9,2.9,2.9,2.9,2.8,2.7,2.6,2.7,2.6,2.7,2.9,2.9,2.8,2.6,2.6,2.6,2.7,2.8,3.0,3.0,3.3,3.5,3.8,3.6,3.4,3.4,3.3,3.2,3.2,3.2,3.2,3.4,3.5,3.6,4.0,3.9,3.9,4.2,4.8
31860,"Mankato-North Mankato, MN",Minnesota,0.0,0.0,994614.1142687124,3147.0710709858704,99454.97772278628,228557.5785741455,0.0,64397.51012678332,92051.40248342612,142342.76267855352,40565.042641870285,452449.5283251947,977850.5373432063,0.0,0.0,3548.520922671676,22790.333034416464,0.0,0.0,299.4554234510772,14139.9,120225.56772776687,24371.587365209823,0.0,193309.33086112185,371278.2514908424,32087.38923304512,357422.8829686508,4978333.768357389,4092733.665436282,0.0,0.0,30242.854179070117,1282138.25317224,0.0,0.0,1200727600000.0,1201365600000.0,1200727600000.0,1200727600000.0,0.0,1200727600000.0,414830323760.00574,1200727600000.0,3550527198.741276,1200727600000.0,1200727600000.0,0.0,0.0,144058328810.83417,1200727600000.0,24283470182.0,103511.0,8254.0,7245.0,1009.0,15499.0,743.9885751810978,986.0248475570988,1223.3948667539846,1246.4938828570318,"Mankato-North Mankato, MN",31860.0,3.2,2.9,2.9,2.7,2.7,2.6,2.5,2.5,2.4,2.3,2.3,2.4,2.4,2.4,2.4,2.4,2.5,2.4,2.4,2.4,2.5,2.7,2.8,3.0,3.1,3.3,3.1,3.1,3.0,3.1,3.0,2.8,2.9,2.9,2.9,2.9,2.9,2.9,2.9,2.8,2.9,3.0,3.3
31900,"Mansfield, OH",Ohio,0.0,0.0,16248.412254894223,28856.401201950463,11875.879240395803,95122.03834217029,1207.7364050957265,284.1674895224123,17400.000000000207,50974.74006845264,250071.33063774143,37742.0162592764,684323.1821431553,0.0,0.0,2847.499270670307,81470.75512382673,0.0,0.0,7367.634115915533,132927.9,40038.469549869085,290.7499560925337,93107.20086565636,429969.27174590086,4500.0,2941.848046741192,2271450.311986545,503357.86796838,968261.1799421988,0.0,0.0,28596.49184302009,1206933.9433793596,0.0,0.0,1448909600000.0,1449257600000.0,1448909600000.0,1448909600000.0,1446685304801.294,1446801308901.348,316886038156.75806,1448909600000.0,16729827459.510853,1448909600000.0,1448909600000.0,0.0,0.0,461687741869.0188,1448909600000.0,24198309075.0,124906.0,7768.0,6243.0,1525.0,14011.0,1007.278015247032,814.4353872468951,1303.0402910117552,1288.012422300344,"Mansfield, OH",31900.0,2.3,2.3,2.1,2.1,1.9,1.9,1.9,1.9,1.9,2.0,2.0,2.1,2.1,2.1,2.2,2.2,2.3,2.3,2.4,2.3,2.3,2.4,2.5,2.6,2.7,2.7,2.6,2.5,2.4,2.4,2.4,2.3,2.3,2.2,2.2,2.3,2.2,2.2,2.3,2.3,2.5,2.9,3.3
32420,"Mayagüez, PR",Puerto Rico,0.0,2790.570375135273,0.0,8877481.24270795,1291.7270151734033,0.0,1766487.2831536876,0.0,34800.000000000466,0.0,2281277.686295598,0.0,17812.717167559615,3441.2729684206324,0.0,0.0,0.0,0.0,2674405.14416794,0.0,12918120.4,177.100835286633,0.0,61759526.16280596,0.0,9000.000000000007,0.0,166325.61445387476,0.0,19650.320191014784,11624.081675748315,0.0,0.0,0.0,0.0,102006470984.28712,0.0,1029279600000.0,1028653200000.0,0.0,1028555664708.9036,0.0,347809135371.5757,0.0,217097017391.33533,1028653200000.0,1028653200000.0,152358630262.68845,0.0,0.0,0.0,14469087610.0,88677.0,3786.0,3469.0,317.0,7255.0,715.72830040456,709.4934812949306,1015.8966482866256,999.2337063970572,,,,,,,,,,,,,,,,,,,,,,,,,,,,,,,,,,,,,,,,,,,,,
32580,"McAllen-Edinburg-Mission, TX",Texas,0.0,0.0,576298.773344006,7586.40870299851,117098.37096884604,11278410.55888174,9372081.851243166,204645.7084866053,0.0,226714.7799301069,222518.84680076755,37305.57932776138,5271371.378160007,0.0,0.0,2026.039241738462,752380.1566074451,0.0,0.0,44140.72889014064,20512.4,5197702.750059556,1127.0077375965425,132603143.56334066,2386.873122144405,0.0,115964.70244158315,8213949.074276134,230338.89566707384,1550975.807706826,0.0,0.0,305141.8759323607,1664.484111312463,0.0,0.0,10086571200000.0,10101059600000.0,10086571200000.0,10086571200000.0,10085712595221.512,10085933490879.217,0.0,10086571200000.0,551447817586.1951,10086571200000.0,10086571200000.0,0.0,0.0,414332863217.5927,10086571200000.0,101541662225.0,869532.0,16967.0,22049.0,-5082.0,39016.0,1765.1322896598997,2181.193939107662,2834.8973526390687,2776.526787192949,"McAllen-Edinburg-Mission, TX",32580.0,2.4,2.5,2.7,2.8,2.8,2.7,2.8,2.6,2.4,2.3,2.2,2.2,2.3,2.3,2.4,2.4,2.4,2.3,2.3,2.2,2.2,2.3,2.4,2.4,2.5,2.6,2.6,2.6,2.6,2.5,2.4,2.4,2.4,2.3,2.4,2.4,2.5,2.5,2.5,2.4,2.4,2.6,3.1
32780,"Medford, OR",Oregon,0.0,0.0,0.0,14014509.783002464,9831.804703249143,257412.31141062,0.0,35561.62953457092,103900.0155344966,118146.6532879136,194099.39096023497,185411.7234975052,10243.19198139426,0.0,59307.359729434174,43265.18396810213,67482.42274607715,0.0,0.0,0.0,28399469.2,55457.30643669797,58689.103214973264,0.0,471.397847943573,710917.4368945452,4903.901184953849,2714300.1430863617,38231.96448995285,17704.84638316452,0.0,580823.4900568248,5659449.861221158,394.2463168615841,0.0,0.0,0.0,2589804400000.0,2586440400000.0,2586440400000.0,0.0,2586440400000.0,629839998186.0701,2586440400000.0,84464751569.38481,2586440400000.0,2586440400000.0,0.0,281957704283.68066,145083665047.84583,2586440400000.0,48729002851.0,222969.0,11454.0,10981.0,473.0,22435.0,1376.2031100095653,1153.5709774435209,1793.4151778102023,1797.4061867034952,"Medford, OR",32780.0,3.6,3.8,3.6,3.2,2.8,2.9,2.7,2.6,2.6,2.7,3.0,3.1,3.2,3.3,3.4,3.5,3.6,3.6,3.6,3.6,3.8,4.3,4.8,5.4,6.3,7.9,8.5,8.4,7.4,7.1,6.4,5.9,5.3,5.1,5.2,5.4,5.6,5.8,6.1,6.2,6.3,6.7,7.2
32820,"Memphis, TN-MS-AR",Mississippi,0.0,0.0,0.0,67748434.57491624,512050.4916198614,30137231.616465088,15315.632534751494,412215.30736751977,129628.31468832618,2506704.21661618,4164918.4230653946,1167098.3779099337,52068198.08266638,0.0,0.0,40203.50876136749,116410.6915222368,0.0,0.0,0.0,131502749.7,128275.17344873722,92934.90895946923,2144263.466967777,1075713.6476046091,136614.07677010586,283697.8680976989,112909485.49003044,1882685.770082072,46503723.370459445,0.0,0.0,391601.7071296173,60891.559575629086,0.0,0.0,0.0,15606930000000.0,15598102400000.0,15598074877339.455,15578031957228.371,15587011858900.436,854705313862.8668,15598102400000.0,272866351986.5793,15598102400000.0,15598102400000.0,0.0,0.0,663969035807.2737,15598074877339.455,248902061739.0,1344664.0,40037.0,44457.0,-4420.0,84494.0,2626.4592134659165,2589.5489954816458,3714.970659372696,3663.804034060774,"Memphis, TN-MS-AR",32820.0,3.4,3.4,3.2,3.3,2.9,3.1,3.2,3.2,3.1,3.0,2.9,2.9,3.0,2.9,2.7,2.6,2.8,2.9,2.9,2.8,2.8,3.0,3.1,3.3,3.3,3.4,3.2,3.0,2.5,2.6,2.6,2.5,2.5,2.8,2.9,3.0,3.1,3.3,3.5,3.7,4.1,4.5,5.0
32900,"Merced, CA",California,0.0,0.0,0.0,9353428.538970372,9184.528140750215,6169491.598545777,0.0,0.0,17400.00000000265,58844.391764058186,321463.7372420705,743.4625243575243,77432.89170254665,0.0,0.0,1009.8683912493664,0.005100994530123,0.0,0.0,0.0,35551572.0,11466.377612541104,1483.6770534966545,0.0,0.0,4499.999999999989,20693.64714980628,5761096.991334044,1746.9967518656397,202681.19992320967,0.0,0.0,1018724.9626913664,0.016531360993881,0.0,0.0,0.0,3261943200000.0,3260226400000.0,3260226400000.0,0.0,0.0,8211347987.111232,3260226400000.0,709945926201.3444,3260226400000.0,3260226400000.0,0.0,0.0,26358705704.98376,541090454.3392601,51293493447.0,281054.0,13864.0,12699.0,1165.0,26563.0,1778.2083679929076,1391.976292901571,2143.222573602658,2367.8631717225558,"Merced, CA",32900.0,2.6,2.7,2.6,2.5,2.4,2.4,2.5,2.5,2.9,3.2,3.5,3.7,3.6,3.4,3.3,3.2,3.1,2.9,2.9,2.9,3.0,3.5,4.1,4.8,5.5,7.2,7.1,5.8,3.6,2.5,2.6,2.6,2.9,3.5,3.9,4.3,4.5,4.8,4.9,4.8,5.2,6.5,7.3
33100,"Miami-Fort Lauderdale-West Palm Beach, FL",Florida,0.0,1509182.1996567806,1147891.5875235724,264421.64518665324,650090.8633279991,0.0,211160224.86880243,0.0,52199.99999999998,29197579.21261868,16527247.864180377,1146590.2888430504,25277504.29906253,0.0,0.0,20280.15900352243,0.0,0.0,261063.84491310955,67279.74886973295,579937.2,8179.02349972544,0.0,2369422244.6461706,0.0,315000.00000000047,899436.5040483124,46065761.06006085,41386.674222475296,15033551.09420168,0.0,0.0,38635194.36303848,0.0,0.0,18323007542717.203,70947769942714.84,71204662800000.0,71096040400000.0,0.0,71094476708006.69,0.0,1943351714094.275,71096040400000.0,21232917950789.49,71096040400000.0,71096040400000.0,0.0,0.0,1590362370678.891,0.0,826315016427.0,6128969.0,144963.0,189703.0,-44740.0,334666.0,4823.441924601145,6173.711606481145,7806.325832297804,7862.520079465617,"Miami-Fort Lauderdale-West Palm Beach, FL",33100.0,3.4,3.4,3.5,3.3,3.1,2.9,2.9,2.8,2.9,2.9,3.1,3.1,3.2,3.2,3.1,3.1,3.2,3.3,3.3,3.3,3.5,3.9,4.8,5.7,6.9,8.5,8.0,7.6,6.0,4.4,4.4,4.0,4.4,5.3,5.5,5.6,5.9,6.2,6.1,6.1,6.4,7.5,8.7
33140,"Michigan City-La Porte, IN",Indiana,0.0,43.99296971152604,1644241.4148301268,36726.352870856645,4251.680512802061,745727.9761868019,212.75471123868576,66077.52827371005,17399.9999999999,384383.7474870223,51876.5003260103,363721.2765137146,4183249.383314393,0.0,0.0,4533.479133714211,66960.76113130736,0.0,17977.89140458372,111.25261140643966,366402.2,858394.3478840181,2866.488434116924,32909.38685947117,28113.2090295108,4499.999999999993,1863.158883228014,66323.63297746993,699154.2209335382,3286807.322947581,0.0,0.0,51308.82667238536,10483.935494512592,0.0,1931285286.245236,1302726400000.0,1304037200000.0,1302726400000.0,1302726400000.0,1297259347235.3608,1301351606410.4924,213993392449.04007,1302726400000.0,12383406996.453123,1302726400000.0,1302726400000.0,0.0,0.0,49389498276.86889,1302726400000.0,24449292334.0,112304.0,8076.0,6135.0,1941.0,14211.0,870.9931113390048,807.2824784423356,1172.145042219605,1202.222525159132,"Michigan City-La Porte, IN",33140.0,2.1,2.2,2.1,2.1,2.0,2.0,2.0,2.0,2.0,1.9,1.9,1.9,2.0,2.1,2.1,2.2,2.2,2.2,2.3,2.2,2.3,2.4,2.4,2.5,2.4,2.4,2.4,2.4,2.4,2.4,2.3,2.3,2.3,2.4,2.5,2.5,2.4,2.4,2.4,2.4,2.4,2.5,3.0
33220,"Midland, MI",Michigan,0.0,0.0,630677.2027857294,9221.714532329464,11259.742396361038,239946.25873074884,418.67887737194087,1265.30290287485,17400.00000000384,135223.5029871693,143539.95825868635,878509.8862025785,1779101.9170193751,0.0,0.0,5039.380334259385,123186.3574694432,0.0,0.0,3411.808829353991,38035.8,510484.8629421711,1224.9840064048292,64192.96882951426,161467.53232338975,4500.000000000005,7845.142628678779,1177123.028052566,2243204.750030948,2013082.7586794647,0.0,0.0,50042.43492812726,50160.98490892674,0.0,0.0,968089540068.368,968530400000.0,968089600000.0,968089540068.368,964109539791.3544,968005760413.3632,19560635618.64352,968089600000.0,23556729485.180508,968089600000.0,968089600000.0,0.0,0.0,43941445065.646416,968089540068.368,18284562599.0,83456.0,4375.0,6165.0,-1790.0,10540.0,578.8799530127123,858.903952721141,1061.4037874437795,1009.6484536708804,"Midland, MI",33220.0,2.2,2.2,1.9,1.9,1.9,1.8,1.8,1.9,1.9,1.9,1.9,1.9,2.0,2.0,2.0,2.0,2.0,2.1,2.1,2.2,2.2,2.3,2.4,2.4,2.5,2.5,2.4,2.3,2.2,2.2,2.0,2.0,2.0,2.2,2.3,2.5,2.4,2.4,2.3,2.3,2.3,2.6,3.1
33260,"Midland, TX",Texas,0.0,0.0,481699.1443366361,20840.559958276383,64740.01928565711,540648.8064550246,1034.5201386728893,20195.81383915731,17908.3560584393,437877.8946661739,766018.3009339813,567425.9030398276,5654454.275902152,0.0,0.0,2855846.487963471,1635834.8260777812,0.0,0.0,5740.903385566754,72923.9,8474103.656952303,305.48534113525744,86523.99109594722,13057.514458637155,4717.231044258176,22722.097314208557,200700.85261640645,240975.15532073771,2191565.0819534403,0.0,0.0,7653135.885212239,28791.67813015583,0.0,0.0,2030904539697.16,2032552000000.0,2030904800000.0,2030904539697.16,2030904800000.0,2030904539697.16,48556485719.88289,2030904800000.0,123264689380.85844,2030904800000.0,2030904800000.0,0.0,0.0,351304352542.91,2030904539697.16,33081036923.0,175078.0,13680.0,12866.0,814.0,26546.0,2065.6725297103603,1633.775382358297,2636.583205590144,2630.848532318043,"Midland, TX",33260.0,2.6,2.4,2.5,2.6,2.6,2.7,2.8,2.6,2.4,2.3,2.3,2.3,2.3,2.3,2.3,2.3,2.2,2.1,2.2,2.1,2.1,2.1,2.1,2.1,2.1,2.1,2.4,2.5,2.5,2.4,2.4,2.4,2.3,2.3,2.3,2.6,2.8,3.0,3.1,3.1,3.1,3.4,3.7
33340,"Milwaukee-Waukesha-West Allis, WI",Wisconsin,0.0,267.1074556699068,16415364.64180943,245569.2441214909,564057.6259543496,16307883.856411068,268.89983268568085,13326.724648048405,69612.58412478419,661300.5293739811,696424.6000302986,2079495.4620725263,36317748.069835134,0.0,0.0,33521.72696701111,946791.835424648,0.0,62506.22470013591,1070.842629364391,893096.9,8048479.517393953,11594.82174590712,98801.47417210593,622802.329408166,325458.9529345694,1024047.8285047616,6729948.960357425,4422697.53690601,24402881.60373708,0.0,0.0,521586.7053945105,11914.301639892734,0.0,13792558857.841412,18259826800000.0,18266879600000.0,18259826800000.0,18259826800000.0,18208608360042.14,18231659894178.71,2544503227136.7256,18259826800000.0,136023287657.05104,18259826800000.0,18259826800000.0,0.0,0.0,1066042490128.1952,18259826800000.0,291885073735.0,1574123.0,44971.0,54502.0,-9531.0,99473.0,2042.6999290155172,2472.6956949855357,3154.839932548084,3258.6159638717786,"Milwaukee-Waukesha-West Allis, WI",33340.0,2.9,2.8,2.6,2.6,2.5,2.4,2.4,2.4,2.4,2.4,2.6,2.6,2.8,2.9,2.9,2.9,2.9,2.9,3.0,2.9,2.9,3.1,3.6,3.8,4.1,4.4,4.4,4.2,4.0,3.7,4.1,3.6,3.6,3.8,3.8,3.9,3.9,4.0,4.0,4.1,4.3,4.6,4.9
33460,"Minneapolis-St. Paul-Bloomington, MN-WI",Minnesota,0.0,0.0,22292701.4111668,85410.69129004143,2429391.8319349256,28105131.415832564,0.0,15146376.644381523,516196.24929610646,4624513.36954274,3538383.5680039143,15278925.464198774,109324239.48955968,0.0,0.0,3987362.67359297,545039.9367000266,0.0,0.0,105757.07296344396,301352.4,40118155.6793544,20177.12658574137,0.0,640722.7475383128,1351484.575275747,941020.5539882424,9301378.749973722,83018476.31451929,99803568.00305696,0.0,0.0,8256213.7200514,2179734.192025447,0.0,0.0,42967513600000.0,42979125200000.0,42967513600000.0,42967513600000.0,0.0,42934305709711.69,9320527853948.06,42967513600000.0,395538312585.236,42967513600000.0,42967513600000.0,0.0,0.0,4164178313399.755,42967513600000.0,751372568151.0,3704096.0,96181.0,109167.0,-12986.0,205348.0,3341.325186209807,3266.145587692012,4654.37557573516,4691.291506610946,"Minneapolis-St. Paul-Bloomington, MN-WI",33460.0,2.9,2.8,2.9,2.7,2.6,2.5,2.5,2.5,2.4,2.4,2.4,2.4,2.4,2.4,2.4,2.4,2.5,2.4,2.5,2.6,2.6,2.9,3.2,3.5,3.6,3.8,3.7,3.5,3.0,2.8,2.7,2.4,2.6,2.9,3.0,3.1,3.2,3.3,3.4,3.5,3.7,4.1,4.3
33540,"Missoula, MT",Montana,324069.63303425966,0.0,4582258.929740928,1568400.887800303,40482.259067093146,18173.947658315967,0.0,419657.8975048212,42329.49223403414,463481.67815922486,188763.69241934977,105645.89766281973,64555.12580740057,0.0,0.0,16512.2427403479,28640.84852439276,831.7822665834883,0.0,25781.483273334576,4790895.4,657.505314287173,148.96494891602055,0.0,3478.598335654941,268256.69217589806,7056.644585892206,14521.666330775852,46827.375977763775,22771.27604068979,0.0,0.0,4790260.613862589,1104.805874205602,58000000.0,0.0,1365540273751.4,1367895200000.0,1365540400000.0,88716724594.78989,0.0,1365379126529.2158,403297703705.2812,1365540400000.0,24588862842.74083,1365540400000.0,1365540400000.0,0.0,0.0,142109281012.416,1365540273751.4,22171310876.0,117719.0,10974.0,8080.0,2894.0,19054.0,1254.612689239193,814.6999447649423,1461.9839260402284,1529.239680364069,"Missoula, MT",33540.0,3.5,3.5,3.5,3.3,3.4,3.3,3.2,3.0,2.9,2.7,2.7,2.8,3.0,3.2,3.5,3.7,3.9,3.8,3.9,3.8,3.9,4.1,4.4,4.8,5.2,5.6,5.9,6.1,6.1,6.0,5.9,5.8,5.6,5.7,5.8,5.9,5.8,5.8,5.9,6.0,6.1,6.9,8.4
33660,"Mobile, AL",Alabama,0.0,134139.64700877212,0.0,187870.94688926212,229713.3188535652,3664485.528190215,11249117.864296224,94989.24932987984,17400.000000000553,2983237.4543212107,11010063.902043104,126642.87744553977,5728670.055943722,0.0,0.0,399525.2849707168,111876.60506537092,0.0,183808.75347273127,0.0,891505.0,1748.216278696927,252.0919883558861,228981476.4977184,903.2244315048656,4499.999999999992,370922.420627156,711028.4689746167,175955.5141904161,2465617.488521756,0.0,0.0,3242782.5249494486,103.83066185350336,0.0,435932650153.2484,0.0,4811784400000.0,4808362400000.0,4808362400000.0,4808304619987.158,4781526090091.145,179848466088.53357,4808362400000.0,259328742270.6576,4808362400000.0,4808362400000.0,0.0,0.0,274778076499.93076,4798112190820.467,76023019218.0,414514.0,12227.0,17459.0,-5232.0,29686.0,1319.092870119462,2087.650353866758,2466.109486620576,2473.363701520664,"Mobile, AL",33660.0,3.0,2.8,2.7,2.7,2.8,2.6,2.7,2.6,2.6,2.5,2.4,2.4,2.4,2.5,2.4,2.5,2.7,2.7,2.8,2.8,2.8,2.9,3.1,3.2,3.3,3.5,3.6,3.4,3.3,3.1,2.9,2.5,2.5,2.6,2.7,2.8,3.0,3.0,3.1,3.2,3.3,3.9,4.3
33700,"Modesto, CA",California,0.0,0.0,0.0,12720685.929416183,11582.98799992245,425215.7136259208,0.0,0.0,17400.000000000528,347346.9702995627,171193.80249073316,13929.335627685386,129633.7638144078,0.0,0.0,3130.5521058547947,3547.550298527968,0.0,0.0,0.0,55364896.6,472.39680817572577,900.8870766569725,0.0,0.0,4500.000000000024,23452.87941158788,32290.64230110036,7241.8722600917135,276598.5728850009,0.0,0.0,2832502.187478334,659.7738102370489,0.0,0.0,0.0,6413384800000.0,6411122800000.0,6411122624538.285,0.0,0.0,178666329789.59055,6411122800000.0,106902686926.91615,6411122800000.0,6411122800000.0,0.0,0.0,36509275232.726654,6411122624538.283,100450739522.0,552683.0,19502.0,21870.0,-2368.0,41372.0,1870.6958598339816,1809.3860837311645,2540.781966245825,2662.62107705922,"Modesto, CA",33700.0,3.3,3.3,3.3,3.2,3.0,3.0,3.1,3.1,3.5,3.8,3.7,3.8,3.8,3.6,3.5,3.4,3.5,3.3,3.1,3.0,3.2,3.8,4.4,5.0,5.6,7.0,7.1,6.3,4.0,2.8,3.0,2.8,3.0,3.8,4.4,4.6,4.8,5.0,5.1,5.2,5.4,5.8,5.8
33740,"Monroe, LA",Louisiana,0.0,0.0,0.0,487039.4779954699,37424.094371395775,4862343.136101694,46719.216250959,63988.54209687686,34799.99999999863,124581.02583839955,2411477.320562109,780588.8549263559,7729853.182799052,0.0,0.0,1515.4229588720152,59560.14962317877,0.0,0.0,0.0,1596278.4,4473.220388730282,2063.758768284825,2272502.9233695627,21943.75899220015,9000.000000000018,83829.63204520983,3074802.504796354,1396115.9218402568,2095929.1763800788,0.0,0.0,31881.76732430496,10754.042508774824,0.0,0.0,0.0,2105110000000.0,2103416400000.0,2103416400000.0,2102682280325.152,2103345613685.1929,211201335370.78583,2103416400000.0,234168219800.46356,2103416400000.0,2103416400000.0,0.0,0.0,405905473462.41376,2103416400000.0,32998813504.0,181329.0,5318.0,7269.0,-1951.0,12587.0,841.2639300481152,902.7103632948944,1205.8880545058898,1261.518529392256,"Monroe, LA",33740.0,3.4,3.5,3.6,3.6,3.5,3.3,3.4,3.2,3.0,2.9,2.7,2.6,2.6,2.6,2.7,2.6,2.7,2.7,2.7,2.7,2.8,2.9,3.1,3.2,3.3,3.3,3.3,3.3,3.3,3.4,3.5,3.5,3.5,3.3,3.3,3.5,3.6,3.5,3.3,3.4,3.4,3.5,3.8
33780,"Monroe, MI",Michigan,0.0,1514.8507896601973,132519.7901669822,61005.07225331628,6585.2240863969455,293540.96787822107,1058.3062386686331,1538.8572775777154,17399.99999999933,104315.70920705376,349507.3211974617,641340.5589502407,2628242.7539796056,0.0,0.0,3509.9190824091143,91260.7798687462,0.0,200804.76120607104,2592.6271947249197,283061.8,1946877.3883949264,5079.335185712264,116552.81767503232,289227.1927272355,4499.999999999999,19487.319666060568,200809.5873694115,2581943.9656226174,4054717.4906289927,0.0,0.0,43764.203249482816,1431.2947860866443,0.0,76265223120.26802,1795297177783.68,1795784400000.0,1795297200000.0,1795297177783.68,1775783390264.3655,1795119239711.5547,80747598782.14778,1795297200000.0,114855910100.05807,1795297200000.0,1795297200000.0,0.0,0.0,580795479294.4785,1795297177783.68,33696017677.0,154767.0,6507.0,7737.0,-1230.0,14244.0,824.2135645571481,907.525206261512,1260.9310052496926,1189.578076462407,"Monroe, MI",33780.0,2.2,2.1,1.8,1.9,1.9,1.9,1.9,1.8,1.8,1.9,1.9,2.0,2.0,2.0,2.1,2.2,2.3,2.4,2.4,2.5,2.6,2.7,2.8,2.9,2.9,3.0,3.0,2.8,2.6,2.5,2.3,2.3,2.2,2.2,2.4,2.4,2.5,2.5,2.6,2.5,2.6,3.0,3.5
33860,"Montgomery, AL",Alabama,0.0,0.0,0.0,513882.6323356527,16091.4817226269,4733722.61791904,169038.39494062492,75523.82703389777,69600.000000007,1587626.3583770508,1229692.8684940971,1228957.5846181274,9467624.432994358,0.0,0.0,4441.151829695025,31322.338744203757,0.0,0.0,0.0,2097295.7,333312.38126857096,14061.44688512532,7124573.804898001,16336.960055979507,18000.000000000015,53642.03444885387,715849.3737991778,1016065.924182518,8024659.068084788,0.0,0.0,52007.41500903523,7946.012268664752,0.0,0.0,0.0,4478145200000.0,4473806800000.0,4473806800000.0,4473135291748.048,4473806800000.0,617783739904.2664,4473806800000.0,158061746911.85614,4473806800000.0,4473806800000.0,0.0,0.0,399443201802.03015,4473806800000.0,69589397383.0,385673.0,19619.0,18460.0,1159.0,38079.0,1893.970168719666,1572.1472577338295,2415.9888244774643,2505.969273554646,"Montgomery, AL",33860.0,3.3,3.1,3.0,2.9,2.9,2.8,2.8,2.7,2.7,2.6,2.5,2.7,2.7,2.8,2.7,2.7,2.7,2.8,2.7,2.7,2.7,2.8,3.0,3.0,3.0,3.2,3.4,3.3,3.0,2.9,2.9,2.8,2.8,2.9,3.0,2.8,2.8,2.8,2.7,2.9,3.2,3.6,3.8
34060,"Morgantown, WV",West Virginia,0.0,0.0,198255.26466696616,15885.66706475222,47320.33718781946,43333.4851631772,15799.322537211126,12375.273843772811,34800.00000000006,596915.5314266667,587292.2666126457,424441.3735399289,772886.8255363305,0.0,0.0,3915.613484783555,30558.46078465368,0.0,0.0,1869.5606181760547,59004.3,323754.9220773999,0.049647965817042,824232.6985609354,476961.09300746885,109500.0,89624.52173320376,458200.2779149096,189925.612986369,649430.7731116535,0.0,0.0,41756.92583060079,5064.739769955915,0.0,0.0,1621796000000.0,1624440800000.0,1621796000000.0,1224936800000.0,1619964026986.1829,1620332837621.1885,988280805666.7688,1621796000000.0,36486557308.32009,1621796000000.0,1621796000000.0,0.0,0.0,644953174670.6685,1621796000000.0,27797898831.0,139810.0,12858.0,7768.0,5090.0,20626.0,1122.545322024906,770.6471306635742,1348.6430217073753,1374.1160795216683,"Morgantown, WV",34060.0,4.5,4.0,3.7,3.4,3.3,3.2,3.3,3.2,3.1,3.1,3.1,3.0,3.2,3.2,3.3,3.3,3.5,3.5,3.6,3.4,3.4,3.5,3.4,3.3,3.5,3.8,3.7,3.4,3.4,3.2,3.3,3.4,3.4,3.6,3.6,3.7,3.6,3.6,3.5,3.4,3.3,3.5,3.9
34100,"Morristown, TN",Tennessee,0.0,0.0,1.803247115196793,326069.47332855605,86234.3051625864,0.0,1533.9161917962028,11725.965379953332,34800.00000000026,353739.0305206071,86265.78236091351,643711.3003872458,1708618.558241414,0.0,0.0,2141.864701759113,96287.2368258446,0.0,0.0,0.001775894677601,1611208.8,39336.59418214396,0.0,93507.10880860205,138126.59692937048,109499.99999999948,16985.533206838594,215753.24688569573,319642.2164845839,899492.5349389536,0.0,0.0,17431.499034105826,86385.59567637951,0.0,0.0,758635969.2873318,1382511200000.0,1381362800000.0,0.0,1377155238517.8298,1381362792807.652,772670123514.652,1381362800000.0,14668540272.754608,1381362800000.0,1381362800000.0,0.0,0.0,17095156995.97388,1381362792807.652,20330427894.0,119083.0,7018.0,6775.0,243.0,13793.0,1068.2480985239338,1278.870595486502,1656.6758886396578,1675.8072681546646,"Morristown, TN",34100.0,3.2,3.3,3.1,3.3,3.2,3.1,3.2,2.8,2.8,2.5,2.5,2.4,2.5,2.7,2.6,2.8,2.8,3.1,3.0,2.9,3.0,3.1,3.2,3.2,3.2,3.4,3.6,3.7,3.6,3.7,3.5,3.4,3.4,3.3,3.3,3.4,3.4,3.4,3.4,3.3,3.5,3.8,4.7
34580,"Mount Vernon-Anacortes, WA",Washington,624067.9389,3812001.049477277,0.478261620077173,6122929.890035434,1177.0594210385395,11932.071642990508,0.0,15638.250199080032,80777.45407239764,62488.78290084033,27736.84859311136,1918.7027823462768,51987.4627495868,602.6381919348725,353955.3454256796,72.04338532494354,21056.365419988422,712.2571049999999,1214749.7609798631,0.001213703388216,18170499.4,514.2128422091859,6435.574015037379,0.0,20831.0229117804,581592.362443606,4327.397686022073,384754.85243284894,2361.255796578732,22627.888385849517,7053.890064992669,2653297.753384376,30041.790050771,43.98531692674919,58000000.0,78921406716.22801,916616488.4345396,1502466800000.0,1500576000000.0,1500576000000.0,0.0,1498860964956.0464,585155137241.8795,1500576000000.0,298570721903.67303,1500576000000.0,1500576000000.0,42320076222.65171,1492331316460.235,277857129040.41266,1500576000000.0,26499810042.0,129360.0,7050.0,7192.0,-142.0,14242.0,689.7477799891784,1068.0547738763214,1257.6100349472408,1284.9140049046084,"Mount Vernon-Anacortes, WA",34580.0,2.9,2.8,2.6,2.5,2.5,2.5,2.5,2.4,2.4,2.4,2.7,2.9,3.1,3.2,3.4,3.5,3.6,3.6,3.6,3.6,3.6,3.8,4.0,4.1,4.4,5.1,5.7,5.9,5.6,5.1,4.8,4.5,4.4,4.5,4.6,4.8,4.8,4.8,5.1,5.2,5.5,6.5,7.8
34620,"Muncie, IN",Indiana,0.0,0.0,89349.34707440165,179253.11511000176,2155.4325385846314,53821.35470594618,443.2377507686228,105113.23432121398,17399.999999995565,263954.79662607063,765502.9839826853,404479.07689992257,3324315.089057425,0.0,0.0,2066.3715565386806,125736.94801952048,0.0,0.0,4464.1132443269325,974978.0,2635072.8689967752,3391.4238130761414,49901.17804091211,12546.366176850068,4258.210204250228,51675.75200776239,673383.9284822689,247226.70774746485,2848749.3340170453,0.0,0.0,24307.204902429054,49434.079024694096,0.0,0.0,1297692000000.0,1298074800000.0,1297692000000.0,1297692000000.0,1289457832690.993,1294487959567.0725,6870935586.962648,1297692000000.0,37925662864.73401,1297692000000.0,1297692000000.0,0.0,0.0,341927899305.4786,1297692000000.0,22498506796.0,111870.0,10779.0,6978.0,3801.0,17757.0,1070.239225593979,849.2237632096737,1353.1149249047546,1378.8041920446865,"Muncie, IN",34620.0,2.0,2.1,2.0,2.0,1.9,1.8,1.8,1.8,1.8,1.8,1.8,1.7,1.8,1.8,1.8,1.9,1.9,2.0,2.1,2.1,2.2,2.3,2.4,2.4,2.5,2.6,2.4,2.4,2.3,2.3,2.3,2.2,2.2,2.2,2.1,2.1,2.1,2.1,2.1,2.1,2.1,2.3,2.7
34740,"Muskegon, MI",Michigan,0.0,135.72075627171156,553576.8053355161,29845.445172906144,12393.710282681242,548498.937084115,191.27113833686968,5564.528041437628,17400.000000000196,340294.9754325248,46402.48604439322,239641.45712916413,2070192.8385821248,0.0,0.0,4127.544992157636,403214.2348320428,0.0,24861.003474836303,125.2306574023672,104612.7,47517.69378487983,2141.5810773524204,24283.494392843146,179709.41717177033,4500.000000000005,4709.76525221927,101698.78209157876,1511492.7340148657,1393095.8248639028,0.0,0.0,33232.686983412736,5928.580111485368,0.0,6587490035.557825,2038990000000.0,2039558400000.0,2038990000000.0,2038990000000.0,2036782917175.9675,2036396054780.1013,314886012062.19183,2038990000000.0,11076708465.756857,2038990000000.0,2038990000000.0,0.0,0.0,159502891306.84436,2038990000000.0,28440272318.0,175775.0,8813.0,8365.0,448.0,17178.0,947.799556868434,894.7742732108472,1336.098798742069,1270.9634141075817,"Muskegon, MI",34740.0,1.8,1.8,1.7,1.6,1.5,1.5,1.5,1.7,1.8,1.8,1.9,1.9,2.0,2.0,2.0,2.0,2.1,2.1,2.1,2.2,2.3,2.4,2.5,2.5,2.5,2.5,2.5,2.5,2.4,2.3,2.2,2.1,2.1,2.1,2.2,2.3,2.3,2.3,2.3,2.3,2.4,2.7,3.3
34820,"Myrtle Beach-Conway-North Myrtle Beach, SC-NC",North Carolina,0.0,123025.96778128797,0.0,2417493.9999143663,119183.91408675635,1812613.0324931785,17311774.13630455,198355.21115666896,34799.99999999794,1941207.6491332431,5823484.005549863,1484046.0585891316,10205457.07931589,0.0,0.0,615672.6956021436,677155.0228397948,0.0,3749886.779423441,0.0,6981506.8,52205.57008391306,45026.42218331836,385027010.9830265,915776.4078822704,9000.0,263322.5817774361,1762737.5429807785,335358.4273911802,6306479.093935908,0.0,0.0,5398052.006071456,51338.32749342097,0.0,558234191003.7134,0.0,5657575200000.0,5623900400000.0,5623899674260.268,5623869785876.338,5607551670537.535,308160135136.9188,5623900400000.0,345692567268.60803,5623900400000.0,5623900400000.0,0.0,0.0,1107241326118.104,5623899674260.269,94495481656.0,484819.0,29512.0,22616.0,6896.0,52128.0,1950.2138344294451,1761.3486310211274,2661.0635092007856,2593.9101757771027,"Myrtle Beach-Conway-North Myrtle Beach, SC-NC",34820.0,4.1,4.2,3.9,3.7,3.5,3.5,3.5,3.5,3.5,3.4,3.4,3.4,3.4,3.4,3.3,3.4,3.5,3.5,3.5,3.6,3.6,3.7,3.9,4.0,4.3,4.8,5.5,5.6,5.4,5.0,4.7,4.3,4.1,4.1,4.0,4.1,4.1,4.2,4.2,4.2,4.3,5.0,6.3
34900,"Napa, CA",California,0.0,2369.422650308624,0.0,17410434.657251127,1371.4456888261088,132493.55151747147,0.0,0.0,40522.57089418582,97753.26664880056,430913.9534117821,8801.968471903438,28013.888481900616,2.081193163738012,0.0,4349.600285049361,0.235245243672074,0.0,186493.72829571628,0.0,60796015.1,275.4720323225667,119.55974080850064,0.0,0.0,287830.2636058708,1919.119877329469,8978222.745010441,1520.6787308470828,158758.37194421867,10.727346687629312,0.0,4105912.2289431263,0.008995260045676,0.0,7935160813.623822,0.0,1601020400000.0,1600289600000.0,1558948935554.0647,0.0,0.0,481468164084.00433,1600289600000.0,94145284905.10497,1600289600000.0,1600289600000.0,101834282.2249808,0.0,114579000562.1938,3170756974.545295,33563805976.0,137956.0,6470.0,9448.0,-2978.0,15918.0,687.9578475459089,1649.3923123380926,1777.0396731643332,1796.9168038615478,"Napa, CA",34900.0,4.4,4.5,4.4,4.3,4.0,3.9,4.0,4.0,4.6,5.0,4.9,4.9,5.1,4.9,5.0,4.8,4.5,4.5,4.4,4.9,5.6,6.1,7.0,8.4,9.2,10.5,10.4,10.0,6.9,5.4,5.5,5.2,5.6,6.9,7.9,8.2,8.1,8.2,8.1,7.8,8.4,9.4,9.9
34940,"Naples-Immokalee-Marco Island, FL",Florida,0.0,191895.96758200176,33890.184440977406,18326.022236569028,62682.83380280617,0.0,10927930.28278696,0.0,17399.999999999443,4186750.650927125,4479973.3541312,72430.06486451357,203447.104163444,0.0,0.0,7748.425669133727,0.0,0.0,72203.95920789441,14208.688121779684,65082.4,1387.201522503708,0.0,267570216.33727247,0.0,4499.999999999996,260012.1673254625,56448.49758791207,9889.50267519538,2007050.9219371784,0.0,0.0,12206755.601707576,0.0,0.0,3081700724053.2104,4354444904268.008,4358723200000.0,4355138800000.0,0.0,4355069793015.0,0.0,82623352151.76358,4355138800000.0,2829456855240.76,4355138800000.0,4355138800000.0,0.0,0.0,461757832793.759,0.0,82542404972.0,375443.0,25515.0,17034.0,8481.0,42549.0,2652.709558168779,1423.4380913829727,2986.2200186858304,3034.4503620919554,"Naples-Immokalee-Marco Island, FL",34940.0,7.4,7.6,8.0,8.1,7.9,7.5,7.2,6.8,6.5,6.5,6.5,6.7,6.7,6.7,6.6,6.5,6.4,6.4,6.5,6.4,6.7,6.9,7.3,7.5,8.2,9.9,10.7,8.9,5.6,3.5,4.1,4.2,4.7,5.4,6.1,6.6,6.5,6.5,6.2,5.7,6.4,8.7,11.0
34980,"Nashville-Davidson--Murfreesboro--Franklin, TN",Tennessee,0.0,0.0,958211.0922587118,18911574.476186264,647134.8671956726,2533402.6914901123,13869.69875592953,404705.25045478775,316919.15191259375,3468129.993905121,9913843.147374269,10831412.641248967,51063160.47515081,0.0,0.0,65842.57993772822,168546.41616160868,0.0,0.0,3033.521020375449,48827977.1,3734060.458990372,15840.12916593348,1766985.5608002583,3653468.2420206713,891261.5391656102,764806.0927322624,67760099.0655317,4861651.443344642,40001836.728184015,0.0,0.0,649173.7649556184,226597.64632040373,0.0,0.0,12525564000000.0,23367550400000.0,23353526000000.0,22527675600000.0,23319826740970.984,23348606877843.96,8236709169110.569,23353526000000.0,557396719886.7273,23353526000000.0,23353526000000.0,0.0,0.0,10728109344691.111,23353526000000.0,378722986803.0,2013235.0,89268.0,71047.0,18221.0,160315.0,3894.126731373801,3219.45041893799,5142.609648806722,4959.818545067955,"Nashville-Davidson-Murfreesboro-Franklin, TN",34980.0,2.8,2.9,2.8,2.8,2.8,2.8,2.8,2.9,2.8,2.7,2.7,2.7,2.7,2.6,2.7,2.8,2.9,2.8,2.8,2.6,2.8,3.0,3.0,3.0,3.1,3.4,3.6,3.6,3.5,3.3,3.2,3.0,3.1,3.2,3.4,3.6,3.7,3.8,3.9,4.0,4.2,4.8,5.8
35100,"New Bern, NC",North Carolina,0.0,12304.418039987748,0.0,28724.92188299257,120525.13192779072,1247158.520891467,4876778.010596646,42847.11033772516,23999.893172413424,1126821.8303901008,664366.4312208953,123673.2349488208,2916327.7364656106,0.0,0.0,222443.92751795595,728599.966639521,0.0,241721.9704577164,0.0,174294.7,102213.6265215134,13376.123427889708,126779161.46380644,234771.7201452609,5285.234064294021,14174.601972408773,80320.98096618729,73287.12545677766,1900815.590809715,0.0,0.0,2102762.981444793,286238.4397510027,0.0,285686605900.7322,0.0,1417148800000.0,1408472000000.0,1408471976279.856,1408471976279.856,1408471976279.856,6285194930.701915,1408472000000.0,177623936996.63422,1408472000000.0,1408472000000.0,0.0,0.0,252485072218.58255,1408471976279.856,22071900496.0,121420.0,9062.0,11411.0,-2349.0,20473.0,1033.7934996893723,1310.9645304126273,1676.2496830723042,1661.286850607083,"New Bern, NC",35100.0,3.4,3.3,3.2,3.0,3.0,3.0,3.0,3.0,3.0,2.9,2.9,2.9,2.9,2.8,2.9,3.0,2.9,2.9,2.9,2.9,3.0,3.1,3.2,3.2,3.3,3.6,4.0,4.0,4.0,4.1,3.8,3.5,3.3,3.5,3.6,3.6,3.4,3.4,3.5,3.6,3.7,4.0,4.8
35300,"New Haven-Milford, CT",Connecticut,0.0,2201639.680369883,93940.45693164117,304284.8746332008,17467.094543705025,121609.73935903044,1854234.4554721448,444835.7278446017,17400.00000000002,1337809.6511748426,772328.7504574797,899501.3793377158,1115896.8486088691,0.0,0.0,2042.0173782350853,85879.94108646234,0.0,5207948.012415385,1969.4741046062068,1438615.2,950.2241262080532,1.758127998508258,58018285.07348764,148966.4413823092,134999.9999999995,12976.339654525527,216524.14665909152,358111.8495676566,3605595.731857392,0.0,0.0,23233.20186328505,15865.37090794818,0.0,341098545577.80304,10028004033528.293,10032086000000.0,10028142000000.0,10028141920249.764,10027492658214.818,9996576520697.889,4376555905627.3086,10028142000000.0,387523000107.47845,10028142000000.0,10028142000000.0,0.0,0.0,179114221635.51953,10028141920249.768,154054554545.0,864495.0,35122.0,36269.0,-1147.0,71391.0,2185.6038067316777,2070.9179124243437,2936.4172046900967,3082.7567208587834,"New Haven-Milford, CT",35300.0,3.5,3.5,3.3,3.3,3.4,3.6,4.1,4.8,4.8,4.3,4.0,3.9,3.7,3.6,3.5,3.3,3.1,3.0,2.9,3.0,3.0,3.3,3.7,4.2,4.6,4.9,4.9,4.7,4.2,3.8,3.8,3.7,3.6,3.7,3.6,3.4,3.4,3.3,3.4,3.3,3.6,4.0,4.3
35380,"New Orleans-Metairie, LA",Louisiana,0.0,1070117.429932193,0.0,607280.1992866201,491840.40603022,8446119.236828713,35743075.07465678,557342.9716890249,55813.43993439441,7148372.862159031,78631706.24118862,1228804.542712572,13625116.362160623,0.0,0.0,158045.50473527567,569708.5886053072,0.0,34673203.57629855,0.0,1703305.1,2677557.118700951,1021.950097542582,472106380.212299,136079.71049285325,115458.95736316308,223486.90823992647,19913202.46038935,251068.68327993125,5028575.260823035,0.0,0.0,1388989.5923287394,8237.967062580348,0.0,11657272067230.195,0.0,14753402000000.0,14735909200000.0,14694985061761.352,14733923424351.451,14720567566523.688,176144527816.58243,14735909200000.0,4326358938033.0806,14735909200000.0,14735909200000.0,0.0,0.0,227295759837.176,14690398927068.63,199155442821.0,1270337.0,38681.0,47634.0,-8953.0,86315.0,2303.369054233385,2807.2944270239987,3596.27696375015,3666.658151505264,"New Orleans-Metairie, LA",35380.0,3.9,3.7,3.5,3.5,3.6,3.4,3.5,3.3,3.1,2.9,2.7,2.7,2.7,2.7,2.7,2.6,2.8,2.8,3.0,3.0,3.1,3.2,3.4,3.6,3.6,4.0,3.8,3.4,3.4,3.4,3.5,3.4,3.5,3.6,3.5,3.5,3.8,4.0,4.0,4.0,4.2,4.7,4.9
35620,"New York-Newark-Jersey City, NY-NJ-PA",New Jersey,0.0,59219762.64187626,572939.0753537947,11547464.519190198,2485532.1830058023,129824691.57369465,14699348.966077276,35010383.30466206,475792.0352891373,18140183.197057605,103145223.29296067,99794229.51671878,41939693.742587455,0.0,0.0,27922.55484622832,5832981.961629113,0.0,483311049.3583364,8149.956594462572,50030795.0,591914.6869558372,334.73180038469604,827988244.998058,11420184.815404216,3212221.482291189,1017151.4051963512,118653297.06554724,55529215.82122662,46710533.6130921,0.0,0.0,9207890.85033643,1906577.157961735,0.0,14430475316660.334,27910384083450.168,241717215600000.0,241590555200000.0,241587034492561.72,241471884223463.1,240762399213737.97,61237761159695.52,241590555200000.0,9589385111016.518,241590555200000.0,241590555200000.0,0.0,0.0,2698049801936.1665,241587573857169.3,3347760432683.0,20826772.0,247545.0,520039.0,-272494.0,767584.0,5433.474302874727,9016.754460447506,10557.729585474332,10495.929734902002,"New York-Newark-Jersey City, NY-NJ-PA",35620.0,3.6,3.6,3.8,3.6,3.9,4.2,4.6,4.9,5.0,4.7,4.3,4.2,4.2,4.1,4.0,3.9,3.9,3.8,3.8,3.9,4.3,4.7,5.6,6.4,6.9,7.5,7.4,7.1,6.5,5.8,6.1,5.9,5.8,5.9,5.9,5.6,5.4,5.4,5.2,5.2,5.6,6.6,7.1
35660,"Niles-Benton Harbor, MI",Michigan,0.0,71.48569590668586,483881.1124059362,86827.95331453315,4672.821420179588,274065.74339013326,359.66144012589143,4700.133120240315,17399.999999999967,48386.663808711615,188595.0393256068,2496090.001797061,2040109.8069690987,0.0,0.0,1761.5440925838427,128058.31092113984,0.0,20703.046277046447,115.01413903713606,374730.8,1560.6671004440796,3951.208517169645,54186.45302318276,2181.666739796938,105000.0000000003,67148.99095911765,958687.32770284,266427.8150355998,2146240.087011645,0.0,0.0,22276.90919182273,415.6350152184738,0.0,3711150864.452624,1789114400000.0,1790065600000.0,1789114400000.0,1789114400000.0,1771699623329.564,1788501422142.9663,443934339750.29926,1789114400000.0,33014229645.211315,1789114400000.0,1789114400000.0,0.0,0.0,234800417038.3434,1789114400000.0,33701253059.0,154234.0,8369.0,8396.0,-27.0,16765.0,1068.3243889381165,1095.5911646230084,1522.9405766476905,1536.7859317419586,"Niles-Benton Harbor, MI",35660.0,2.2,2.2,2.0,1.9,1.8,1.8,1.8,1.9,1.9,2.0,2.0,2.0,2.1,2.1,2.1,2.2,2.3,2.3,2.4,2.4,2.5,2.6,2.7,2.7,2.7,2.8,2.8,2.7,2.7,2.6,2.5,2.5,2.5,2.6,2.8,3.0,3.1,3.0,3.0,3.0,3.1,3.3,3.9
35840,"North Port-Sarasota-Bradenton, FL",Florida,0.0,603368.4197872867,2310063.21439219,65273.49793195527,28022.00120121692,0.0,21137225.674516305,0.0,25478.548231569148,5520015.533739731,608996.8434662918,260142.09671965608,14523208.540140212,0.0,0.0,7064.553829195658,0.0,0.0,1311255.581908578,14964.494756508742,193424.4,57334.8624259348,0.0,415408809.1103028,0.0,7192.810118351477,389328.638624637,890177.1948794113,104615.04778040112,9917543.400838733,0.0,0.0,5350370.050841065,0.0,0.0,2647291273054.685,9584282786941.451,9671105600000.0,9667358800000.0,0.0,9666050174815.71,0.0,41176087667.588,9667358800000.0,1663734590800.3904,9667358800000.0,9667358800000.0,0.0,0.0,656540918181.1229,0.0,147362350016.0,833393.0,52384.0,33418.0,18966.0,85802.0,2907.0653587423863,2334.018423234915,3703.4720196053854,3753.500099906752,"North Port-Sarasota-Bradenton, FL",35840.0,2.6,2.7,2.8,2.6,2.8,2.6,2.6,2.5,2.5,2.5,2.5,2.6,2.7,2.8,2.8,3.0,3.0,3.0,3.0,3.0,3.2,3.5,4.0,4.6,5.5,6.8,6.2,5.5,4.3,3.4,3.3,3.3,3.6,4.0,4.1,4.5,4.8,4.9,4.8,4.8,5.0,5.8,7.1
35980,"Norwich-New London, CT",Connecticut,0.0,254362.37273745984,28381.37526557295,77511.49208357923,6579.06021617128,26997.522583860864,682855.9318204221,57450.45520547695,18565.177706145565,790940.3159030784,2053924.5794585191,541104.5974200767,251658.0097986224,0.0,0.0,2113.7919219939245,43340.444188043046,0.0,889659.3536367296,638.7846798848499,433188.0,64.02202798069432,0.417865639591303,22966765.491549905,546083.3634825478,144301.663087662,2511.9250825812514,403235.799241901,126241.76746892816,1021697.8613428932,0.0,0.0,23947.496921372127,14461.079214500864,0.0,202804148743.72,3110711873142.9194,3115238000000.0,3113834400000.0,3111846653823.9785,3113820919636.052,3072507055995.275,1648194180582.5554,3113834400000.0,123046376849.47632,3113834400000.0,3113834400000.0,0.0,0.0,253658238519.53705,3112407117681.164,51626646542.0,268434.0,16100.0,14504.0,1596.0,30604.0,1748.1395825276654,1235.1914831312592,2095.834678594664,2184.0377743986023,"Norwich-New London, CT",35980.0,2.5,2.5,2.2,2.2,2.3,2.5,2.9,3.5,3.6,3.5,3.4,3.3,3.1,2.9,2.7,2.6,2.6,2.5,2.5,2.5,2.6,2.8,3.2,3.7,4.0,4.2,4.2,4.0,3.6,3.2,3.2,2.8,2.8,2.8,2.7,2.7,2.7,2.9,3.1,3.2,3.3,3.7,4.0
36100,"Ocala, FL",Florida,0.0,40.3211579812075,233154.8185445872,124973.06893614872,340812.15147094027,0.0,2284393.47572144,0.0,17400.00000000002,1431638.6867142604,2496370.6313133007,430021.7469334268,7690028.585510612,0.0,0.0,6448.934123289782,0.0,0.0,1187.605506466152,1962.7454614847527,312718.0,148.80556170264484,0.0,65015443.47052343,0.0,104999.9999999998,22243.41889847503,148196.5283998509,27368.327056951657,5131634.181530686,0.0,0.0,15299901.058617828,0.0,0.0,527083195.2123933,4356565600000.0,4360532800000.0,4356565600000.0,0.0,4356478201893.2944,0.0,638686292722.1678,4356565600000.0,204620491137.23465,4356565600000.0,4356565600000.0,0.0,0.0,793865000977.2137,0.0,56232557503.0,375566.0,24359.0,15964.0,8395.0,40323.0,2223.8529627652997,1427.6680286397116,2643.841334119731,2642.0868645826163,"Ocala, FL",36100.0,3.1,3.0,3.0,2.8,2.7,2.5,2.5,2.4,2.3,2.3,2.4,2.4,2.4,2.3,2.3,2.3,2.3,2.2,2.3,2.2,2.2,2.3,2.5,2.6,3.1,3.8,4.3,4.0,3.4,2.6,2.3,2.1,2.3,2.5,2.5,2.8,3.1,3.4,3.5,3.6,3.6,4.2,4.9
36140,"Ocean City, NJ",New Jersey,0.0,536570.3960485057,0.0,30434.09458332719,206.42034750942327,1997379.0637849155,279900.68899432727,10433.71789741675,5431.034399710985,241658.170956672,4610877.241208936,3732.140528788784,231143.56563020183,0.0,0.0,25509.809518245744,95102.34103467548,0.0,64160717.885469206,0.0,169000.1,15114.968915749403,0.012651117987875,19542503.89797219,74750.14739389697,1759.1407834239371,9178.42667357198,342391.7526918007,1763640.5846992682,481496.06829985336,0.0,0.0,2058085.1614127324,75674.83331960141,0.0,579277754816.6786,0.0,1105050800000.0,1104830400000.0,1104830400000.0,1104588510378.4243,1100415469944.6123,1086206879.942197,1104830400000.0,377287197218.83856,1104830400000.0,1104830400000.0,0.0,0.0,93305604682.66077,1104830400000.0,36446570811.0,95244.0,5864.0,4867.0,997.0,10731.0,811.5060073714797,839.7047100022721,1172.7105354690048,1161.7065033819858,"Ocean City, NJ",36140.0,3.0,3.1,3.0,2.8,2.9,3.1,3.5,3.9,3.9,3.7,3.6,3.5,3.4,3.3,3.1,3.0,2.9,2.8,2.9,2.9,3.1,3.5,4.1,4.6,5.4,6.3,6.7,6.5,6.2,6.0,5.7,5.3,5.0,4.9,5.0,5.0,4.7,4.6,4.5,4.4,4.5,4.9,5.8
36220,"Odessa, TX",Texas,0.0,0.0,454246.32976856566,25607.19799708836,79559.53323966326,509836.35514685727,815.5339289366616,94113.06832317422,0.0,283343.6037107624,424650.1044160049,568158.1942833764,1419361.2142258247,0.0,0.0,178907.4547430874,1078005.7161693117,0.0,0.0,5001.332895823924,101236.0,7701946.968929203,266.13126596989895,66545.48328628886,49976.42476151255,0.0,21422.155360344044,543690.2693556478,239976.58166477765,2292508.314732683,0.0,0.0,2645715.447299113,26632.77551957908,0.0,0.0,1915160000000.0,1915983600000.0,1915160000000.0,1915160000000.0,1893432964511.744,1911020866182.2288,0.0,1915160000000.0,202444517021.0942,1915160000000.0,1915160000000.0,0.0,0.0,223068407615.28223,1915160000000.0,28819368342.0,165100.0,10509.0,11390.0,-881.0,21899.0,1806.9034285207383,1625.4513219410785,2433.528302691382,2428.3407915694206,"Odessa, TX",36220.0,2.2,2.1,2.2,2.3,2.4,2.4,2.5,2.4,2.1,2.0,2.0,2.0,2.1,2.1,2.0,2.0,1.9,1.7,1.8,1.7,1.7,1.7,1.8,1.8,1.8,1.9,2.1,2.2,2.3,2.4,2.2,2.2,2.1,2.2,2.2,2.3,2.3,2.4,2.5,2.6,2.8,3.0,3.1
36260,"Ogden-Clearfield, UT",Utah,1679197.143173654,0.0,78414.28471048735,49256897.383176975,156364.5990157974,7335069.145738017,0.0,125527.89474937704,196475.96539805652,2396721.146385727,1014735.0561573978,689273.6706768794,1461446.1608458692,0.0,0.0,13143.09324198368,2414838.6652392494,2849.028419905032,0.0,328.719951702278,94284496.5,10630.238874736624,56563.75470309282,0.0,330123.3420143094,384328.3403414596,20775.86906912899,109587.41735092526,3776450.727349798,605104.3210878626,0.0,0.0,10779020.601498514,301995.5121544144,232000000.0,0.0,61420166077.95696,8060410800000.0,8058299600000.0,7813603624010.379,0.0,8058299600000.0,1048497816789.3726,8058299600000.0,65593340982.40152,8058299600000.0,8058299600000.0,0.0,0.0,588686557975.3835,8058299600000.0,102105106357.0,694681.0,29373.0,29420.0,-47.0,58793.0,2109.851653552922,2006.903086847992,2981.240849042559,2841.1027788519023,"Ogden-Clearfield, UT",36260.0,3.2,3.1,3.0,2.8,2.6,2.6,2.5,2.4,2.3,2.2,2.1,2.2,2.1,2.2,2.5,2.6,2.8,2.8,2.9,2.8,2.8,2.8,2.8,2.8,2.8,2.9,3.2,3.4,3.4,3.2,3.1,2.9,2.8,2.9,3.0,3.0,3.2,3.3,3.6,3.8,4.2,5.1,5.8
36420,"Oklahoma City, OK",Oklahoma,0.0,0.0,9113637.252589224,3650826.742747844,3499705.432748468,37179675.74105921,4049.434819512023,1258770.9272207832,121800.00000001956,1350876.1537014833,12906330.036288906,5471662.325560574,49151674.99441333,0.0,0.0,511954.5814259757,2304365.897664222,0.0,0.0,27016.01586862857,12286762.8,68064415.90192121,4054.257633608149,554942.2345935423,6853403.929380113,31398.636011108043,394456.3986647405,950193.44689643,2866068.867067541,55798000.59289562,0.0,0.0,5614238.722206865,65751.82916226673,0.0,0.0,16512866684187.455,16538062000000.0,16512866800000.0,16512866684187.455,16424357497536.355,16509224335173.22,195235386300.9899,16512866800000.0,360833682053.6538,16512866800000.0,16512866800000.0,0.0,0.0,1300050017118.419,16512866684187.455,220722811941.0,1423523.0,59066.0,49561.0,9505.0,108627.0,2743.798097528315,2356.3690288237963,3684.156891338912,3548.083849065577,"Oklahoma City, OK",36420.0,3.0,2.8,2.9,3.1,2.9,2.8,2.7,2.4,2.1,2.0,1.9,1.9,2.0,2.0,2.1,2.2,2.2,2.2,2.3,2.3,2.3,2.4,2.5,2.6,2.7,2.8,2.9,2.9,2.8,3.0,3.1,3.0,3.0,3.0,2.9,2.8,2.8,2.7,2.7,2.7,2.9,3.1,3.5
36500,"Olympia-Tumwater, WA",Washington,0.0,235481.92664183423,0.0,30557586.60424852,2609.9988515710565,159931.0114337188,0.0,152738.4690263975,25058.60410432013,102617.77663640014,26238.933044854613,6385.413037544088,236448.15846080528,0.0,1699865.1055091247,17.521254014684384,26637.639303399224,0.0,1013577.9929432035,0.0,65909531.6,689.2256160485849,38623.49763185714,0.0,39184.23170062158,197616.45005926024,2693.889128323764,23324.456989763927,8254.630134232713,150991.5732639614,0.0,12655098.325508688,38858.52224419334,2379.3326156926005,0.0,14283727145.87631,0.0,3419598800000.0,3415016800000.0,3415016800000.0,0.0,3396394547310.9653,1591406921436.6384,3415016800000.0,46026946378.99323,3415016800000.0,3415016800000.0,4824400038.132285,3329224516525.262,542281085724.6257,3415016800000.0,57442987747.0,294398.0,22775.0,19622.0,3153.0,42397.0,1844.2695030824532,1568.806552765509,2438.075880689524,2404.374138939279,"Olympia-Tumwater, WA",36500.0,3.0,3.0,2.8,2.6,2.5,2.3,2.2,2.1,2.1,2.2,2.4,2.5,2.7,2.8,3.0,3.1,3.1,3.1,3.1,3.0,3.0,3.2,3.3,3.4,3.8,4.4,5.0,5.2,4.9,4.5,4.3,4.2,4.0,4.1,4.2,4.0,4.1,4.3,4.5,4.6,4.8,5.6,6.5
36540,"Omaha-Council Bluffs, NE-IA",Nebraska,0.0,0.0,1774123.893528307,72749.41175537133,814809.7639137584,2197436.611258436,0.0,822954.1962507811,154049.65058842886,1439102.9376150228,3895061.8917749138,10412192.412579736,54690919.94480055,0.0,0.0,6967.951834596163,2145421.3246787293,0.0,0.0,2385.671216164897,347102.9,39332280.10912549,513386.8177086505,0.0,4770502.000710291,371696.4010986794,414534.4416133821,10256558.12074555,13393065.22485171,51312290.39303512,0.0,0.0,369929.7881628327,421048.7989680732,0.0,0.0,11219429254818.893,11224206400000.0,11219485200000.0,11219429254818.893,0.0,11211296659703.06,3030532239417.508,11219485200000.0,339746936450.26624,11219485200000.0,11219485200000.0,0.0,0.0,778269461680.606,11219429254818.89,175583404420.0,967197.0,33228.0,40009.0,-6781.0,73237.0,1890.8754586169869,2329.6527638255448,2942.2554273889955,3057.240749434038,"Omaha-Council Bluffs, NE-IA",36540.0,2.4,2.4,2.4,2.3,2.3,2.2,2.2,2.2,2.1,2.0,2.0,2.1,2.1,2.2,2.2,2.3,2.3,2.3,2.4,2.4,2.5,2.5,2.6,2.6,2.7,2.7,2.7,2.6,2.5,2.5,2.5,2.5,2.5,2.6,2.6,2.6,2.7,2.7,2.8,2.9,3.1,3.3,3.6
36740,"Orlando-Kissimmee-Sanford, FL",Florida,0.0,244.88692948086887,6290919.931979488,604658.8875377588,98799.62071219298,0.0,15238093.308959406,0.0,75741.79075593362,8891689.05530845,6338348.926459344,3180373.0100453896,49047474.18495653,0.0,0.0,216877.53494905183,0.0,0.0,412.0568094196021,49170.48284499632,1611173.2000000002,11893.41698166858,0.0,322999799.29584783,0.0,248167.81477210188,887534.8469873926,432660.7570447961,7483836.8208158035,39468350.1485451,0.0,0.0,48898319.7209773,0.0,0.0,589615242.2909884,30963426212756.55,31011161600000.0,30974470800000.0,0.0,30971890508215.5,0.0,2641823546452.241,30974470800000.0,1679856804729.6443,30974470800000.0,30974470800000.0,0.0,0.0,2058545579376.651,0.0,414436743447.0,2670213.0,142828.0,115061.0,27767.0,257889.0,5833.460893843379,4242.878032656607,7181.7043938051365,7244.726909967,"Orlando-Kissimmee-Sanford, FL",36740.0,3.3,3.2,3.4,3.2,3.1,3.0,2.9,2.8,2.7,2.6,2.7,2.8,2.8,2.8,2.8,2.6,2.6,2.5,2.5,2.5,2.6,2.8,3.1,3.4,3.9,5.2,5.6,5.2,4.3,3.2,2.9,2.8,3.0,3.5,3.7,3.9,4.2,4.4,4.5,4.4,4.7,5.5,6.4
36780,"Oshkosh-Neenah, WI",Wisconsin,0.0,0.0,1091405.0423798603,9987.76252618512,109942.305049742,452673.8481702778,96.15693443999992,1438.4667423961755,17399.999999998487,51982.67350586328,299561.39368758374,2260477.699136116,4581600.929090755,0.0,0.0,4852.279191453032,224597.49002650045,0.0,0.0,347.9282697265267,46384.3,2982274.1361416955,2350.453830125211,25013.734347676316,27453.44002246028,4499.999999999999,78092.10910316878,1140734.6799853563,1875865.7815354303,3761378.8748821015,0.0,0.0,65017.608096738455,24040.385041129342,0.0,0.0,1990826800000.0,1992068000000.0,1990826800000.0,1990826800000.0,1990826800000.0,1985623334485.4187,60990608671.834816,1990826800000.0,49161827834.61997,1990826800000.0,1990826800000.0,0.0,0.0,62022689597.00024,1990826800000.0,39470648932.0,171623.0,13510.0,11133.0,2377.0,24643.0,1174.6846385306994,1120.286570480964,1608.7473387701375,1638.8193921234883,"Oshkosh-Neenah, WI",36780.0,2.5,2.3,2.1,2.2,2.1,2.0,1.9,1.9,1.9,1.9,1.9,1.9,1.9,2.0,2.0,2.1,2.1,2.1,2.0,2.0,2.1,2.1,2.2,2.3,2.4,2.4,2.4,2.4,2.4,2.4,2.4,2.3,2.3,2.4,2.4,2.4,2.4,2.5,2.6,2.6,2.8,3.0,3.3
36980,"Owensboro, KY",Kentucky,0.0,0.0,10890.832995857148,3303229.4723065705,9746.904986988193,1169650.9164769703,524.1164543344998,84689.97531281841,52200.0000000015,369392.9777063664,648495.5831891296,1342522.0288013532,4371228.724116124,0.0,0.0,1776.7837065094177,54834.23917650311,0.0,0.0,376.98438525068536,7298901.8,176918.77801651647,30395.35951179531,67542.99643428251,1117946.5908989874,13499.999999999993,29932.27763786844,3926577.474449823,2797037.5190893942,2177030.6106121084,0.0,0.0,18416.151184125727,82486.66168947704,0.0,0.0,105478800000.0,1410084400000.0,1409527600000.0,1409527600000.0,1409527600000.0,1407722611347.0938,241888870863.84335,1409527600000.0,159321788735.0611,1409527600000.0,1409527600000.0,0.0,0.0,91919436895.53926,1409527600000.0,26829337244.0,121511.0,5015.0,5639.0,-624.0,10654.0,786.0871452962451,904.6209150799024,1215.0839477171935,1182.0824844316069,"Owensboro, KY",36980.0,3.0,2.8,2.6,2.5,2.4,2.4,2.3,2.3,2.3,2.2,2.1,2.2,2.2,2.3,2.3,2.4,2.4,2.4,2.3,2.4,2.4,2.5,2.6,2.7,2.8,2.8,2.8,2.8,2.8,2.8,2.6,2.5,2.4,2.6,2.6,2.6,2.7,2.7,2.9,2.9,2.9,3.0,3.3
37100,"Oxnard-Thousand Oaks-Ventura, CA",California,0.0,2313.188868470869,0.0,81416575.38732451,9695.83127187555,89975.16845454126,0.0,0.0,44941.48085250988,91323.75821779115,498521.7814076471,43436.30373851164,279414.13038652565,5031.801175561382,0.0,112940.02415859692,88.8543735967651,0.0,4150.092127782301,0.0,219998428.7,371.94264426365135,4.754219874046968,0.0,0.0,415467.30581625423,5673.428574423341,40540345.01297871,15432.106579904312,620490.3234394076,520.5842008435483,0.0,48240617.7700509,35.54502401070654,0.0,368067623354.4426,0.0,9788578800000.0,9780377600000.0,9752101315456.322,0.0,0.0,2484049369927.329,9780377600000.0,431804659317.0337,9780377600000.0,9780377600000.0,156370020484.7856,0.0,445426975041.81366,22852000000.0,151373654752.0,843136.0,28199.0,33640.0,-5441.0,61839.0,1910.222238379608,2196.697748894918,2913.823261627239,2907.3142245034333,"Oxnard-Thousand Oaks-Ventura, CA",37100.0,4.9,5.4,4.8,4.6,4.0,3.9,3.9,4.0,4.8,5.4,5.1,4.8,4.7,4.4,4.3,4.1,4.1,4.2,4.2,4.3,4.8,5.1,5.9,7.2,8.9,9.4,9.1,8.5,6.0,5.4,5.8,5.5,5.5,6.7,7.2,7.6,7.6,7.6,7.5,7.3,7.7,8.5,8.8
37340,"Palm Bay-Melbourne-Titusville, FL",Florida,0.0,60411.77106007283,2900589.0483999387,107625.25120308272,15397.109615080692,0.0,17990377.328138374,0.0,17400.000000001444,3331347.4435696285,299915.36683425104,1274058.1223246057,5082603.934518942,0.0,0.0,80694.29651915836,0.0,0.0,5354585.816510243,18256.993194672184,293823.3,572.5139736944976,0.0,347093613.8797427,0.0,4499.999999999995,342477.30613262166,3602649.081784316,23024.36191159319,5983957.3469901895,0.0,0.0,18805194.686404552,0.0,0.0,700620832157.716,6897430507622.4375,7036699200000.0,7030377200000.0,0.0,7030303326232.174,0.0,37550081452.53234,7030377200000.0,502103223395.9886,7030377200000.0,7030377200000.0,0.0,0.0,481389076386.5644,0.0,105594638837.0,606067.0,32537.0,26434.0,6103.0,58971.0,2364.92431168526,2470.714066823597,3391.25360302057,3447.818875753191,"Palm Bay-Melbourne-Titusville, FL",37340.0,2.9,3.1,2.7,2.7,2.7,2.7,2.7,2.6,2.5,2.5,2.5,2.5,2.4,2.5,2.5,2.5,2.5,2.5,2.6,2.4,2.4,2.4,2.7,3.1,3.7,4.8,4.6,3.9,3.2,2.6,2.4,2.3,2.5,2.6,2.8,3.2,3.6,3.9,4.1,4.0,4.2,4.7,5.4
37460,"Panama City, FL",Florida,0.0,65546.20198533525,0.0,75822.26802760163,46493.62635419826,126220.98745487643,5443050.389944761,0.0,21946.98798129103,2873792.0207325523,4285251.032300453,121837.42465910171,7172223.865095689,0.0,0.0,21674.29650180156,34039.99708850805,0.0,160941.6951686888,0.0,226482.6,33922.95697608911,6958.059617215708,140510604.74276006,0.0,4912.848258362948,69651.49359155947,2566167.604348108,192937.1302852403,2564540.8440088388,0.0,0.0,749776.5159170475,4987.286943608238,0.0,329150540731.02704,0.0,2197132800000.0,2192922000000.0,2192922000000.0,2192873632018.8115,0.0,18748920834.242306,2192922000000.0,344650709700.3216,2192922000000.0,2192922000000.0,0.0,0.0,85362267356.41273,2191680646328.0608,35060404554.0,189045.0,13764.0,16461.0,-2697.0,30225.0,1684.013954811539,1761.2169088445637,2444.636373778317,2428.4546526546465,"Panama City, FL",37460.0,3.3,3.1,3.1,2.9,2.7,2.6,2.6,2.6,2.6,2.6,2.4,2.4,2.4,2.4,2.4,2.5,2.5,2.5,2.6,2.6,2.6,2.8,3.0,3.2,3.8,4.7,4.9,4.6,4.2,3.9,3.6,3.3,3.4,3.8,3.7,3.8,3.8,4.1,4.3,4.2,4.4,5.1,6.1
37620,"Parkersburg-Vienna, WV",West Virginia,0.0,0.0,20298.91270034158,26842.663801832085,32591.69706577644,107959.05172161409,7360.821090961517,5605.813786388267,112340.17511375394,279297.94032287283,500144.6270363031,145427.5504595888,305380.4538809813,0.0,0.0,2018.199253471744,7470.829363780165,0.0,0.0,197.95908949097105,110223.7,65316.88078682448,0.113672240155171,451906.625162793,210118.31973026507,181497.06894112128,22227.477373800648,683913.3317363373,204133.9837677904,192677.1741769332,0.0,0.0,21204.966854254933,4999.597832451131,0.0,0.0,1037295200000.0,1038084000000.0,1037295200000.0,1037295200000.0,1037190091217.9792,1036336919543.9548,626108127688.168,1037295200000.0,59569625819.77947,1037295200000.0,1037295200000.0,0.0,0.0,332949367713.2017,1037295200000.0,17309325501.0,89422.0,2633.0,3758.0,-1125.0,6391.0,412.41483969420887,520.8541062524131,667.1461608972954,661.3478661037624,"Parkersburg-Vienna, WV",37620.0,3.1,2.8,2.6,2.4,2.3,2.2,2.3,2.3,2.2,2.2,2.3,2.2,2.3,2.3,2.4,2.5,2.4,2.5,2.5,2.6,2.6,2.7,2.8,2.8,2.9,2.9,2.9,2.8,2.8,2.9,2.9,2.8,2.8,2.8,2.9,2.8,2.8,2.8,2.8,2.8,2.8,2.8,3.0
37860,"Pensacola-Ferry Pass-Brent, FL",Florida,0.0,97789.41000280966,0.0,297723.3732024682,208485.63001003856,547931.1320126052,13839293.132412404,5207.782770549967,34799.99999999943,7484337.387946706,2760844.8368458184,153800.04509157158,5753102.77019662,0.0,0.0,132789.13835938595,126697.95846037292,0.0,111012.78791563604,0.0,721278.6,57716.1975151892,37720.81014908087,230947366.32941788,38.47077380790872,9000.00000000001,134884.4791046412,9828662.262682548,170385.63183464357,4105657.794524212,0.0,0.0,2247728.10870184,39666.55910715115,0.0,484087009968.012,0.0,5914898000000.0,5905339600000.0,5905339600000.0,5905279358971.822,5905339600000.0,219800497187.46133,5905339600000.0,359894401565.6027,5905339600000.0,5905339600000.0,0.0,0.0,265376675719.9507,5600699964114.668,76524431786.0,509081.0,38792.0,33116.0,5676.0,71908.0,2776.6315924155297,2133.108998621496,3507.5615461456982,3496.204513468856,"Pensacola-Ferry Pass-Brent, FL",37860.0,2.9,2.7,2.8,2.7,2.6,2.5,2.5,2.5,2.5,2.5,2.4,2.3,2.3,2.4,2.5,2.5,2.6,2.6,2.6,2.7,2.7,2.7,2.9,3.0,3.3,3.8,3.8,3.6,3.4,3.2,3.2,3.0,3.0,3.1,3.0,3.1,3.3,3.4,3.6,3.7,3.9,4.3,4.9
37900,"Peoria, IL",Illinois,0.0,0.0,4177799.1234261952,482649.40959369927,261049.5779786707,6940192.8940274855,268.7526848400004,498912.8849494974,123895.26600633498,606991.258834586,585378.2914843973,2542184.528414292,8041601.495293068,0.0,0.0,1390.8625618552194,824055.6685787891,0.0,0.0,12420.613299012724,2129337.9,5280453.098891087,24586.24665272429,57944.80864620255,631674.2853897958,385550.9306176801,61495.17408523396,7808985.917914325,3549740.7144059325,13480369.93249604,0.0,0.0,19794.592467546165,144727.0302004703,0.0,0.0,4275395887306.288,4277871200000.0,4275400400000.0,4275395887306.288,4275400400000.0,4274448668168.781,1114243107952.4172,4275400400000.0,48982546219.59164,4275400400000.0,4275400400000.0,0.0,0.0,178108208239.03854,4275395887306.288,84236352402.0,368569.0,13216.0,17923.0,-4707.0,31139.0,1201.1327986530048,1700.5081593453176,2099.8330886049016,2064.115549091184,"Peoria, IL",37900.0,2.0,2.0,2.0,2.0,1.7,1.6,1.6,1.5,1.5,1.6,1.7,1.8,1.9,1.9,2.0,2.0,2.0,2.0,2.0,2.0,2.0,2.0,2.0,2.1,2.1,2.3,2.3,2.4,2.4,2.3,2.3,2.3,2.5,2.0,2.1,2.1,2.1,2.1,2.1,2.0,2.1,2.2,2.3
37980,"Philadelphia-Camden-Wilmington, PA-NJ-DE-MD",Pennsylvania,0.0,2747628.3445905223,0.0,3541131.136891351,787498.920197073,155089059.77785078,3434826.4575343686,3937176.032989745,204408.46093116805,6300980.635250904,23578740.775171645,19564446.911391027,37130735.60739741,0.0,0.0,94458.34437128906,5631278.323209663,0.0,41085863.96211189,0.0,15275677.5,921495.627266354,383.8013700368878,202482552.07425487,1307612.95419166,983954.52274922,1379332.875040404,42592243.96600324,27293280.14714981,36793852.424494416,0.0,0.0,7738346.72733449,2149576.6890081945,0.0,1260778500108.2249,0.0,72442591600000.0,72392108400000.0,72392108400000.0,72365542187067.56,72297443221493.28,12678445288932.54,72392108400000.0,1436260776746.498,72392108400000.0,72392108400000.0,0.0,0.0,1411696407469.0513,72392108400000.0,1289421324077.0,6240699.0,159809.0,177219.0,-17410.0,337028.0,4675.526173598005,5128.649919813206,6910.107741562356,6969.893686420188,"Philadelphia-Camden-Wilmington, PA-NJ-DE-MD",37980.0,2.3,2.3,2.2,2.2,2.2,2.3,2.4,2.6,2.8,2.9,3.0,3.1,3.1,3.0,3.0,2.9,2.9,2.8,2.7,2.5,2.4,2.6,2.9,3.3,3.5,3.9,4.1,4.0,3.8,3.6,3.7,3.6,3.6,3.6,3.5,3.4,3.4,3.3,3.2,3.3,3.5,3.8,4.0
38060,"Phoenix-Mesa-Scottsdale, AZ",Arizona,0.0,0.0,59.63837529045243,10066299.776398055,13905.028023638304,49925486.55286312,219.3906405340647,0.0,36088.73488220989,1912442.200723429,4178308.0617962414,1096766.905807113,2626107.9701281427,0.0,0.0,9925.050869307086,7411.272102329196,0.0,0.0,3.331388175294637,40118717.6,10722247.72767996,7556.128127301072,146447.32432874182,0.0,154568.0305066797,226795.06952433067,3312928.9262960297,5378220.349381872,2790888.21039831,0.0,0.0,55927038.254351445,139.81041566569434,0.0,0.0,7203600000.0,56211651200000.0,56177999600000.0,56177999600000.0,56177999600000.0,0.0,3244303716894.755,56177999600000.0,881112283398.4695,56177999600000.0,56177999600000.0,0.0,0.0,3834913658847.019,51491491294577.55,822934424470.0,4842931.0,204986.0,147065.0,57921.0,352051.0,6011.841897455388,4765.091079927014,7545.680154896575,7796.418857398568,"Phoenix-Mesa-Scottsdale, AZ",38060.0,3.0,3.0,2.9,2.9,2.8,2.8,2.9,2.8,2.7,2.6,2.8,2.8,2.8,2.7,2.7,2.7,2.8,2.8,2.8,2.8,2.9,3.0,3.1,3.2,3.5,4.9,5.2,4.7,3.5,2.6,2.7,2.3,2.9,3.5,3.7,3.9,4.0,4.0,4.2,4.2,4.6,5.5,6.1
38220,"Pine Bluff, AR",Arkansas,0.0,0.0,0.0,2612929.214937576,10583.439487938447,1028630.5023090529,5747.291648235424,79935.25895653866,48094.22115109047,449349.6302974651,6388463.285766576,1073315.9897882226,3681901.412156359,0.0,0.0,1469.8134967063845,8584.828685671544,0.0,0.0,0.0,3657965.6,543356.2177064971,609.4167948567551,388189.94135864463,39687.053256311854,7494.573586440363,19579.9187818047,1433321.5827732717,536493.3485992949,2797723.99064745,0.0,0.0,13884.219813255544,45938.4555215424,0.0,0.0,0.0,1017911600000.0,1015986000000.0,1015986000000.0,1015970365294.7288,1015644373480.3866,19394209418.990948,1015986000000.0,100882302595.869,1015986000000.0,1015986000000.0,0.0,0.0,234450220419.2128,1015986000000.0,16421979312.0,87585.0,5403.0,4595.0,808.0,9998.0,722.9280738773394,807.961632752447,1063.9078907499463,1105.5365213325158,"Pine Bluff, AR",38220.0,2.8,2.7,2.7,2.9,2.8,2.6,2.6,2.5,2.4,2.3,2.2,2.1,2.1,2.1,2.1,2.1,2.1,2.1,2.1,2.0,2.0,2.1,2.2,2.3,2.4,2.5,2.6,2.5,2.6,2.6,2.6,2.4,2.4,2.5,2.5,2.5,2.4,2.4,2.4,2.5,2.5,2.4,2.7
38300,"Pittsburgh, PA",Pennsylvania,0.0,0.0,2263261.7492401293,292741.7414431962,254159.77918105925,1132042.0839012845,83977.69315309841,263228.9021347079,217170.69809041204,4747601.507079274,6212999.122484468,2202570.7802552693,4705590.260449645,0.0,0.0,49938.81657833156,431759.35777020094,0.0,0.0,24184.93008626018,1062522.0,975895.4271443052,7.496010381570346,9290804.79758718,630728.1503828708,1607637.6832619023,32646.260698217466,10718198.575366544,1867596.8603817883,10696287.79033642,0.0,0.0,601065.981551956,11331.859547807904,0.0,0.0,27487618289388.465,27502788000000.0,27487847200000.0,27119440935110.125,27456362691902.008,27468413833691.004,18023218315267.08,27487847200000.0,353471327284.6284,27487847200000.0,27487847200000.0,0.0,0.0,8261334143854.603,27487847200000.0,505021449148.0,2369642.0,61924.0,70975.0,-9051.0,132899.0,2405.659784757604,3023.055573422361,3859.2371007752295,3868.6953873366665,"Pittsburgh, PA",38300.0,2.3,2.2,2.2,2.2,2.2,2.1,2.1,2.0,2.0,2.0,2.0,2.0,2.1,2.2,2.2,2.2,2.2,2.2,2.2,2.2,2.2,2.4,2.6,2.7,2.8,3.0,3.0,2.8,2.7,2.6,2.5,2.5,2.4,2.5,2.5,2.5,2.5,2.5,2.5,2.6,2.6,2.8,3.1
38340,"Pittsfield, MA",Massachusetts,0.0,0.0,97882.14667400849,45120.32171205481,3332.187880377221,3431.565452413828,99707.58741772272,22803.70576158921,17400.00000000014,191892.9657604108,1342155.0864292728,126714.32749023392,196560.1660100712,0.0,0.0,126.52451399277716,15285.114680016612,0.0,0.0,2392.754627141725,220572.8,9125.156021843375,0.057841956884355,4351396.977126371,235211.99560628727,105000.0000000002,18145.58714405745,122136.27173338216,60555.37480490432,877419.3175244546,0.0,0.0,26442.326586843206,13454.96434601719,0.0,0.0,1495692400000.0,1496701600000.0,1495692400000.0,1495692400000.0,1495551488791.576,1495151462268.976,817926260624.9569,1495692400000.0,67204795512.00212,1495692400000.0,1495692400000.0,0.0,0.0,164794319069.2185,1495692400000.0,26777540708.0,128939.0,5200.0,5241.0,-41.0,10441.0,652.7848037446951,693.7168010074428,955.9330520491484,950.1257811468964,"Pittsfield, MA",38340.0,2.3,2.5,2.5,2.6,2.9,3.4,3.9,4.2,4.2,4.1,4.0,3.9,3.8,3.7,3.6,3.5,3.4,3.3,3.2,3.2,3.2,3.3,3.6,3.9,4.5,4.6,4.5,4.5,4.6,4.1,4.4,4.1,3.8,3.7,3.7,3.7,3.5,3.5,3.6,3.6,4.1,4.9,5.3
38540,"Pocatello, ID",Idaho,492260.2911876934,0.0,1219399.579622838,245561.19344909448,45881.97770495525,0.0,0.0,13874.31308765798,17399.99999999993,147881.81227536514,219090.34623532376,579168.9565204313,52032.17842518915,0.0,0.0,189.66688812876427,81950.54484994126,633.1174266508385,0.0,9083.123717688744,1271175.4,43354.26395245144,0.0,0.0,1323.3977445507635,4499.999999999993,31934.35455878204,83687.54344747461,25181.727032649276,106915.27242212044,0.0,0.0,4651189.574857409,1009.7905073141482,58000000.0,0.0,1009095600000.0,1009408800000.0,1009095600000.0,0.0,0.0,1009095600000.0,233099549760.106,1009095600000.0,16013194974.255018,1009095600000.0,1009095600000.0,0.0,0.0,92791686717.39412,1009095600000.0,13909576006.0,86991.0,7017.0,6430.0,587.0,13447.0,820.8203213858682,891.3551480751092,1190.2684571137722,1233.321936884283,"Pocatello, ID",38540.0,2.3,2.5,2.3,2.3,2.2,2.2,2.2,2.1,2.0,2.0,2.0,2.0,2.1,2.2,2.4,2.4,2.4,2.4,2.5,2.4,2.4,2.5,2.6,2.7,2.8,3.1,3.3,3.3,3.3,3.4,3.4,3.3,3.3,3.4,3.6,3.6,3.6,3.6,3.8,3.9,4.1,4.8,5.6
38660,"Ponce, PR",Puerto Rico,0.0,7610.056803196666,0.0,20881567.30405276,4247.839831049868,0.0,6221727.910844473,0.0,189723.27153751304,0.0,1371181.9861295016,541.8547082518922,77694.52629327802,192.54350651089555,0.0,0.0,0.0,0.0,6257813.052523067,0.0,25636712.6,457.91002302584286,0.0,172326771.12316093,0.0,46732.400590552206,0.0,33097766.96732292,177.06337823895035,67475.17304853666,1809.8655304193296,0.0,0.0,0.0,0.0,163564590231.96667,0.0,3390262400000.0,3382722400000.0,0.0,3382079075664.32,0.0,522281224319.626,0.0,506145974815.6524,3382722400000.0,3382722400000.0,160630837991.6958,0.0,0.0,0.0,37411117237.0,291614.0,5386.0,9664.0,-4278.0,15050.0,722.4119323488504,1266.8666070269592,1463.1220044821962,1453.6209959958614,,,,,,,,,,,,,,,,,,,,,,,,,,,,,,,,,,,,,,,,,,,,,
38860,"Portland-South Portland, ME",Maine,0.0,54474.475867188434,95305.5003325081,483048.93811107054,110321.02352765288,176237.52111422428,917034.06373087,174450.83278268515,52200.00000000022,1580277.455536939,873303.0917850572,514568.1815759227,1319318.1887372474,0.0,0.0,20622.681481479165,2400.9742149842527,0.0,4394012.395491852,3442.8888732588225,2837009.7,10396.351197632128,0.232489962111396,32580104.112076186,6467304.700090628,214499.99999999977,279553.3071855334,3987373.8944709487,53959.53724859786,619556.103129195,0.0,0.0,226254.47867117476,11110.118173667328,0.0,61678663586.02579,6396475654753.708,6400184000000.0,6397121600000.0,6396350703169.139,6396129329403.67,6368020811270.982,1788263394588.016,6397121600000.0,127871631916.76118,6397121600000.0,6397121600000.0,0.0,0.0,3412485835647.9707,6396540651402.351,111752441988.0,551476.0,23690.0,21225.0,2465.0,44915.0,1707.2290414587026,1377.7652194768164,2180.4985668419963,2207.238319710855,"Portland-South Portland, ME",38860.0,2.8,3.0,2.7,2.7,2.8,2.9,3.0,3.2,3.3,3.3,3.3,3.2,3.1,3.1,2.9,2.9,2.8,2.8,2.8,2.8,3.0,3.4,3.7,4.0,4.6,4.9,4.7,4.6,4.2,3.7,3.9,3.8,4.0,4.0,3.8,3.8,3.8,3.9,4.1,4.3,4.7,5.3,5.9
38900,"Portland-Vancouver-Hillsboro, OR-WA",Oregon,221517.13100308043,89425.50620619347,70045.57990993373,234655052.34648928,106798.81031292472,1506441.6993962056,0.0,2142521.4886842617,1234977.0446781714,623022.2701551425,1697107.2691464128,93067.4236447708,3027644.521649393,0.0,17308154.248226352,10588.095123814748,1105121.295993294,284.90284195251616,494406.6885284897,302.26726144941387,402760163.1,1988.89711978268,404220.8864895981,0.0,172929.79054464874,4274833.435159442,51881.28606196772,10457213.943311954,106939.93291063502,1382152.3019695366,0.0,43452044.121256456,2196806.317058056,103662.77054466272,174000000.0,6595726720.759932,98305651633.82002,29149164400000.0,29103414000000.0,29103414000000.0,0.0,29051200433322.04,9836918693678.432,29103414000000.0,434289014012.1405,29103414000000.0,29103414000000.0,818478347.4530358,27375170331698.613,1520679472215.5232,29103414000000.0,488851440189.0,2508915.0,101462.0,97771.0,3691.0,199233.0,3483.409106033915,3599.4017558477685,5003.2397504017335,5013.681581432949,"Portland-Vancouver-Hillsboro, OR-WA",38900.0,3.0,2.8,2.8,2.8,2.6,2.5,2.4,2.3,2.2,2.2,2.4,2.7,2.8,3.0,3.2,3.3,3.4,3.5,3.5,3.4,3.5,3.5,3.7,3.9,4.2,4.8,5.4,5.3,4.9,4.4,4.4,4.0,4.1,4.5,4.7,4.8,5.1,5.3,5.2,5.3,5.6,6.3,6.8
38940,"Port St. Lucie, FL",Florida,0.0,50018.93932431928,2212621.324249212,44012.26474013156,24680.10322005221,0.0,17042627.363782298,0.0,34799.99999999516,1640959.2713322607,1485523.557435216,954630.3604129734,2543598.088936056,0.0,0.0,12580.45880112457,0.0,0.0,3499322.269121936,12177.742169490177,106251.8,11148.925797846468,0.0,285676006.4867483,0.0,8999.999999999998,42125.848898524906,3772830.9621780687,186755.49175516493,3100529.149796607,0.0,0.0,4060134.0121154375,0.0,0.0,506324541378.6387,5579208139955.943,5656821200000.0,5650615200000.0,0.0,5650522612592.325,0.0,37094164338.12974,5650615200000.0,303231402255.25995,5650615200000.0,5650615200000.0,0.0,0.0,366207260915.2195,0.0,73633513821.0,487122.0,28398.0,19425.0,8973.0,47823.0,2513.296043047854,1706.1711520243214,3018.8948308942463,3055.724464018312,"Port St. Lucie, FL",38940.0,3.7,3.5,3.5,3.4,3.5,3.2,3.1,2.9,2.9,2.9,3.0,3.0,3.0,3.0,2.8,2.8,2.7,2.6,2.6,2.6,2.6,2.7,3.0,3.4,4.0,4.9,5.0,4.4,3.3,2.6,2.5,2.6,2.7,3.0,3.2,3.7,4.2,4.4,4.3,4.2,4.3,5.2,6.3
39140,"Prescott, AZ",Arizona,0.0,0.0,0.298875481177846,811916.4809134443,70459.4315572391,68311.13391950111,0.0,0.0,21382.92410833551,2730800.726697951,0.010173979888747,36094.34655029735,169979.12109260735,0.0,0.0,180443.6849634307,267442.94521129027,0.0,0.0,0.014849883091962,3136716.9,196662.22941922792,35.0462295806578,0.0,0.0,148329.01599655524,47135.56408744278,26.702904601417806,59957.4337709968,227512.02492668867,0.0,0.0,27157752.515599,3532.382186459617,0.0,0.0,487198214.32297,2740024400000.0,2735628000000.0,2735628000000.0,0.0,0.0,677684731196.4364,2735628000000.0,1358.178344,2735628000000.0,2735628000000.0,0.0,0.0,597730751317.4204,2735628000000.0,44673130147.0,235830.0,,,,,,,,,"Prescott, AZ",39140.0,3.5,3.6,3.5,3.7,3.7,3.8,3.9,4.0,3.9,3.8,3.7,3.8,3.8,3.7,3.8,3.9,3.9,3.8,3.8,3.8,3.9,4.1,4.3,4.4,4.6,5.6,6.2,6.1,5.4,5.0,4.4,4.1,4.2,4.5,4.6,4.8,4.9,5.3,5.6,5.6,5.8,7.0,8.5
39300,"Providence-Warwick, RI-MA",Rhode Island,0.0,759642.8248172192,176129.68521519,618536.0700292324,55713.46901925901,3255826.3552962234,1677278.9450928243,350363.717098604,105215.54138027166,1288284.382163326,3627982.6719304738,504627.2784105172,1164864.4632235754,0.0,0.0,11542.826652820804,50431.59153144196,0.0,3173427.898002634,3059.187627797344,2881965.9,22538.855406390925,13.292394312107572,86850102.48947667,1229086.3579067204,494629.5120850929,121063.28618368506,8299893.188288244,219044.43395548704,4687621.619317895,0.0,0.0,125473.27687737063,23703.981501419083,0.0,956161376653.6602,19418966745110.152,19448316400000.0,19436240800000.0,19419879367346.016,19429150663167.44,19322601480614.89,7234653423650.223,19436240800000.0,580237957002.678,19436240800000.0,19436240800000.0,0.0,0.0,1394867568175.5894,19436235367346.016,280372280661.0,1675538.0,52020.0,43239.0,8781.0,95259.0,2523.7450346657447,2315.363686335259,3379.517569121368,3470.2917744766078,"Providence-Warwick, RI-MA",39300.0,3.2,3.1,2.9,2.9,3.0,3.2,3.6,4.2,4.4,4.3,4.2,4.1,3.9,3.7,3.6,3.4,3.4,3.3,3.2,3.2,3.3,3.7,4.5,5.2,5.7,5.8,5.6,5.3,4.6,4.0,4.2,4.1,3.9,4.2,4.2,4.2,4.2,4.3,4.3,4.4,4.7,5.4,5.9
39340,"Provo-Orem, UT",Utah,2427583.581310466,0.0,0.0,36760876.93549693,146734.2668170361,12620776.761976233,0.0,121231.24307565729,312013.05474066903,657538.0356837251,1501996.7732854066,1020496.816963688,1209045.9577175744,0.0,0.0,34727.41399596444,472704.1514272873,805.9418183257812,0.0,0.0,74433061.59999998,15957.841071704755,56146.334926478754,0.0,300992.1244640869,738396.5915085782,12148.379522583202,541847.2643943842,494507.0300443404,397652.1547036252,0.0,0.0,35490361.611841604,57978.01224649098,116000000.0,0.0,0.0,7785746000000.0,7782474800000.0,7751278588924.755,0.0,7782474800000.0,1109551682751.4731,7782474800000.0,43630771127.16485,7782474800000.0,7782474800000.0,0.0,0.0,853586492761.0114,7782474800000.0,93095001079.0,670903.0,43601.0,35522.0,8079.0,79123.0,2172.9850436668908,2289.684694450308,3108.790922529208,3203.729233253023,"Provo-Orem, UT",39340.0,3.6,3.8,3.7,3.8,3.5,3.4,3.3,3.0,2.7,2.5,2.4,2.4,2.4,2.7,2.9,3.1,3.3,3.3,3.4,3.3,3.3,3.5,3.7,3.8,4.0,4.2,4.6,4.8,4.8,4.4,4.0,3.9,3.7,3.9,4.0,4.0,4.3,4.4,4.7,4.9,5.0,5.8,6.7
39380,"Pueblo, CO",Colorado,0.0,0.0,390605.8504087951,35175.09020750455,91709.45091341092,0.0,0.0,30363.51111706932,27743.50728343108,159153.21435647452,555125.9431614134,75181.99670800517,1329501.8931552276,0.0,0.0,2615.4653792307727,12283.954412002517,0.0,0.0,1137.0570558676711,183818.8,6152076.178706374,0.0,0.0,80817.92868029745,7869.535593638487,44786.10059768767,4391767.730072689,142878.65720699943,1070638.2119356464,0.0,0.0,1291364.8816629143,850.7854427305267,0.0,0.0,1949194400000.0,1950679200000.0,1949194400000.0,0.0,0.0,1949194400000.0,157198576262.8645,1949194400000.0,14080662058.34558,1949194400000.0,1949194400000.0,0.0,0.0,232749042523.475,1949194400000.0,24996485111.0,168034.0,7997.0,8868.0,-871.0,16865.0,856.8126983185998,1062.7934888773077,1364.9461527840576,1365.7942744059224,"Pueblo, CO",39380.0,2.4,2.3,2.4,2.5,2.4,2.5,2.6,2.6,2.4,2.3,2.3,2.3,2.3,2.3,2.4,2.5,2.6,2.7,2.8,2.8,2.8,3.0,3.2,3.4,3.5,3.6,3.7,3.7,3.5,3.6,3.6,3.5,3.5,3.6,3.7,3.9,4.1,4.1,4.1,4.2,4.3,4.8,5.5
39460,"Punta Gorda, FL",Florida,0.0,122522.58962108078,2510.6170588712293,11847.840214121909,3163.558064456153,0.0,4458714.504533124,0.0,17399.99999999974,2086725.7473812297,3899063.962873034,34938.43643871516,372754.16536356654,0.0,0.0,5495.725271923583,0.0,0.0,27405.081254003388,3190.116296006444,32883.2,830.292103620927,0.0,104043114.83170807,0.0,4500.000000000007,76491.65371664625,328447.3050012048,15282.576424360288,881428.5263170156,0.0,0.0,3622658.365740736,0.0,0.0,1042650076304.3936,2156056969397.2664,2167425200000.0,2166114400000.0,0.0,2166069326268.6504,0.0,9860400602.693848,2166114400000.0,974765990718.2604,2166114400000.0,2166114400000.0,0.0,0.0,132339791969.99496,0.0,31462612566.0,186734.0,15120.0,9538.0,5582.0,24658.0,1466.1640426637125,1036.6884777984176,1835.9281031674416,1754.9549851776826,"Punta Gorda, FL",39460.0,4.3,4.2,4.4,4.4,4.3,4.1,4.0,3.8,3.7,3.7,3.7,3.7,3.7,3.6,3.4,3.3,3.2,3.1,3.2,3.1,3.2,3.3,3.6,3.9,4.4,5.2,5.3,4.3,3.3,2.6,2.5,2.2,2.7,3.1,3.3,3.7,3.9,4.1,4.1,4.2,4.4,5.3,6.5
39540,"Racine, WI",Wisconsin,0.0,13.335420549137368,830627.1852661746,46263.25920398749,8240.503416016478,810342.4517971254,115.43813825759952,3343.9928841705896,17399.999999999818,666399.108951982,140259.01992384117,1278859.4180310231,5791451.790119868,0.0,0.0,1692.6616587946323,145342.36493919205,0.0,3076.151534800875,171.03680084097417,226764.3,41816.54156796416,3551.541393555088,23221.58457306933,31452.416435171475,4499.999999999992,114066.71552563012,583698.5686798714,474070.36893688765,3586509.823712253,0.0,0.0,26286.801181143284,1718.0673253426069,0.0,564217500.4823349,2291487200000.0,2293633200000.0,2291487200000.0,2291487200000.0,2291487200000.0,2283661398690.321,266936210174.24847,2291487200000.0,29924522124.53305,2291487200000.0,2291487200000.0,0.0,0.0,133185622034.44728,2291487200000.0,42409291392.0,197542.0,9329.0,8580.0,749.0,17909.0,1149.0783263120056,922.1382759651613,1431.0059398898384,1513.901582005911,"Racine, WI",39540.0,2.5,2.4,2.2,2.4,2.3,2.2,2.1,2.1,2.0,2.0,2.0,2.0,2.1,2.1,2.2,2.3,2.2,2.2,2.2,2.3,2.3,2.4,2.5,2.6,2.8,3.1,3.2,3.2,3.1,3.0,2.9,2.8,2.7,2.6,2.6,2.7,2.7,2.7,2.9,3.0,3.0,3.2,3.6
39580,"Raleigh, NC",North Carolina,0.0,0.0,0.0,305441.3864790093,506161.8252322346,1132355.7332796752,478412.3193961572,253104.0159268124,52199.99999999886,2479242.774490184,7632106.270821338,803366.960663255,17530341.88031961,0.0,0.0,93431.13482006764,706162.1400809389,0.0,0.0,0.0,1986097.5,3857009.727283322,23972.53192293006,44296397.829971015,1896937.356624574,144000.0,245264.90162803535,4344095.6788033815,467271.1488943931,12042352.364549393,0.0,0.0,248879.6176695352,131709.52137406377,0.0,0.0,0.0,16402191200000.0,16383538400000.0,16383535702347.498,16382083383888.8,16381660993972.855,2697317447525.0166,16383538400000.0,148739252897.60724,16383538400000.0,16383538400000.0,0.0,0.0,2664109397640.5806,16383535702347.498,256687058103.0,1412374.0,79107.0,61714.0,17393.0,140821.0,3684.658735894004,2784.734996368595,4556.655023150205,4679.732364142206,"Raleigh, NC",39580.0,3.7,3.6,3.5,3.3,3.3,3.3,3.3,3.2,3.1,3.0,2.8,2.3,2.3,2.3,2.4,2.5,2.7,2.7,2.7,2.6,2.5,2.5,2.7,2.7,2.8,3.1,3.3,3.4,3.2,3.0,3.2,3.3,3.1,3.2,3.3,3.6,3.5,3.6,3.7,3.7,3.9,4.6,5.3
39660,"Rapid City, SD",South Dakota,0.0,0.0,5568944.874469651,21186.22499586172,738511.1981111786,5519.279423352878,0.0,445373.6459948748,52200.00000000185,1561220.374828806,3311460.165147436,198835.61613052047,1500226.7124038031,0.0,0.0,1817775.5340026943,171294.37926119825,0.0,0.0,6149.866311463857,92931.4,4158976.457340511,139.67787733923151,0.0,18814.932556762204,113999.99999999958,45330.16918949313,1416544.9045128145,429851.7133646339,1313930.4442407456,0.0,0.0,20062452.85415261,712074.1798619649,0.0,0.0,1705756800000.0,1709747200000.0,1705756800000.0,12708995201.954012,0.0,1705756800000.0,554072065806.9901,1705756800000.0,59110753530.50019,1705756800000.0,1705756800000.0,0.0,0.0,364806812519.7943,1705756800000.0,30010519950.0,147048.0,10671.0,10046.0,625.0,20717.0,1188.1283600688942,1137.3899946808042,1636.217283859329,1653.0744084886198,"Rapid City, SD",39660.0,3.1,2.8,2.8,2.7,2.7,2.7,2.7,2.6,2.4,2.3,2.2,2.1,2.2,2.2,2.3,2.4,2.5,2.5,2.5,2.4,2.4,2.5,2.6,2.7,2.8,3.0,3.0,3.1,3.1,3.1,3.0,3.0,3.0,3.1,3.0,3.2,3.2,3.2,3.1,3.1,3.2,3.4,4.0
39740,"Reading, PA",Pennsylvania,0.0,0.0,0.0,124993.38298836954,161382.61824159056,2588776.255788359,300873.0523951009,287793.53404606227,18098.06342212595,1075415.9764998204,718340.540156594,2859530.999744065,2325826.554679878,0.0,0.0,516.397077331215,1161384.597320038,0.0,0.0,0.0,577876.5,116851.91994615376,2.334441019649842,11504281.607563768,54749.06369838048,138591.1528472258,94043.08759792372,3291485.527141403,1240931.692477476,3822804.6577031887,0.0,0.0,43953.89560317336,155237.49181683327,0.0,0.0,0.0,4974648400000.0,4972038400000.0,4972038400000.0,4965406743304.036,4971691317530.982,1926103462495.4087,4972038400000.0,72167010803.05338,4972038400000.0,4972038400000.0,0.0,0.0,588383065483.8884,4972038400000.0,85486688850.0,428624.0,17734.0,16753.0,981.0,34487.0,1441.627552455904,1613.7577265500545,2166.119110298416,2161.282258290203,"Reading, PA",39740.0,2.5,2.4,2.4,2.2,2.1,2.1,2.2,2.2,2.3,2.4,2.5,2.5,2.5,2.4,2.3,2.2,2.1,2.1,2.0,1.9,1.9,2.0,2.0,2.2,2.4,2.7,2.7,2.8,2.8,2.8,2.8,2.7,2.7,2.7,2.6,2.6,2.6,2.7,2.5,2.6,2.7,3.1,3.4
39820,"Redding, CA",California,0.0,0.0,0.034848576128932,12911455.988601943,6192.728930006001,1029919.758955184,0.0,0.0,37220.1971625072,136161.0351166234,612725.3738472413,9178.245986449412,34591.753352075495,0.0,446186.939982145,331205.49784780294,10223.46305894242,0.0,0.0,0.000137235558797,43327760.4,453.3231856600003,267.2765034846004,0.0,0.0,322037.99145674054,892.4313708969142,202359.05955200407,4250.572817424066,99645.07144102312,0.0,3467775.669927389,16622580.860317944,189.90139223379109,0.0,0.0,30171968.316008,2112998000000.0,2110248800000.0,2110248800000.0,0.0,0.0,1016240949966.8048,2110248800000.0,74557492634.63336,2110248800000.0,2110248800000.0,0.0,2098249968991.8435,314402190957.6235,2110248800000.0,37289178928.0,181918.0,8993.0,9022.0,-29.0,18015.0,1275.4273793517214,949.4466809673936,1616.8528071534529,1561.0496468722577,"Redding, CA",39820.0,4.1,4.3,4.3,4.2,4.0,3.9,4.0,3.9,4.4,4.8,4.6,4.6,4.5,4.2,4.1,3.8,3.7,3.5,3.5,3.3,3.4,3.7,4.3,5.2,6.0,6.9,7.0,6.3,5.4,4.6,4.2,3.6,3.8,4.4,4.8,5.1,4.9,4.9,4.8,4.9,5.1,5.9,6.0
39900,"Reno, NV",Nevada,104017.0608,0.0,0.0,46649661.86577402,17668.99103273041,132846.93997894376,0.0,110443.40596734465,452563.35220324586,534066.9681167119,836099.9523151424,57524.64618335731,5652.5353151813415,0.0,0.0,101772.154983132,55610.55824677035,237.419035,0.0,9.6510905557e-05,122716136.9,1603.9114903855127,92.84375302706094,0.0,64.70186171280935,218281.8432281397,16657.446138643965,64478155.86970556,21011.14072555202,135431.49119548724,0.0,0.0,13140692.231001798,2223.40954606203,58000000.0,0.0,0.0,5690913600000.0,5688268800000.0,5533787651278.619,0.0,5640662400000.0,1080856812215.088,5688268800000.0,107000162316.77222,5688268800000.0,5688268800000.0,0.0,0.0,429778159901.5264,5688265391278.056,90881489454.0,490368.0,26338.0,22139.0,4199.0,48477.0,2069.6924892360216,1627.7164986569376,2606.191857864651,2659.358569279442,"Reno, NV",39900.0,3.5,3.6,3.7,3.7,3.5,3.4,3.4,3.3,3.2,3.2,3.4,3.4,3.4,3.5,3.6,3.5,3.5,3.4,3.4,3.3,3.2,3.3,3.6,4.1,5.4,6.9,6.7,5.8,4.8,3.6,3.5,3.2,3.3,4.2,4.5,5.1,5.2,5.6,5.8,5.6,5.9,7.0,7.9
40060,"Richmond, VA",Virginia,0.0,65799.18458798144,0.028437142380868,1145546.7058521374,390477.44661905867,3607552.2163027874,1810572.8366145063,62035.2983767322,295800.00000002305,1748014.6101115537,1483260.755163618,2071570.3044132525,8676498.166407622,0.0,0.0,4446.589054283147,890273.3161633488,0.0,4261293.639602183,0.00014852588236,4887228.1,602222.6402939521,6.668908742769622,63921836.09672425,865561.0828683598,377774.2953072602,120831.3132182328,2817383.7791308668,354323.6056696769,8240725.946744447,0.0,0.0,159626.38684225717,17975.638252447287,0.0,61887891697.93063,138227988.83879638,15529070800000.0,15516368800000.0,15516368092903.902,15515152286014.385,15513589175718.691,2725852274063.299,15516368800000.0,157596152862.19067,15516368800000.0,15516368800000.0,0.0,0.0,2340278912627.401,15516368092903.904,244127748359.0,1337618.0,57267.0,48152.0,9115.0,105419.0,2771.015878698641,2248.832363694546,3650.437918935206,3485.110615174216,"Richmond, VA",40060.0,3.0,2.9,2.8,2.8,2.7,2.7,2.6,2.7,2.6,2.6,2.6,2.6,2.6,2.6,2.6,2.7,2.7,2.7,2.7,2.7,2.7,2.7,2.9,3.1,3.3,3.8,4.1,4.1,3.8,3.6,3.6,3.5,3.4,3.5,3.7,3.7,3.7,3.8,3.9,3.9,4.2,4.6,5.0
40140,"Riverside-San Bernardino-Ontario, CA",California,46980.172061968646,0.0,0.0,460932430.1328192,153103.41063925752,10333959.897385072,21.178651726270378,0.0,76463.0454968336,388094.35719350143,11237464.832400164,275746.2324975672,2785601.1546996394,0.0,0.0,412234.2685789239,26694.789311262557,225.85219664408143,0.0,0.0,1341849316.0,2114.2591707923884,1759.2415364722178,27951.19803801408,0.0,721444.0827771935,39843.63405869101,36694015.98988247,218058.1878011775,5846608.276953731,0.0,0.0,453081954.8547096,3325.165146878049,58000000.0,0.0,0.0,53358132400000.0,53323077200000.0,53323076991621.77,28035320641950.0,0.0,8372169359299.209,53323077200000.0,926813118890.4106,53323077200000.0,53323077200000.0,0.0,0.0,3649481594919.391,52795393809377.125,796343216660.0,4596817.0,185697.0,148771.0,36926.0,334468.0,6142.833141149123,4830.517674121481,7799.5008173600445,7830.567220834006,"Riverside-San Bernardino-Ontario, CA",40140.0,4.7,4.7,4.5,4.0,3.8,3.6,3.5,3.4,3.5,3.7,3.9,4.0,4.1,4.0,3.8,3.5,3.2,3.1,3.0,3.0,3.2,3.5,3.9,4.8,6.2,7.4,7.5,6.8,4.4,3.1,3.4,3.3,3.6,4.6,5.0,5.2,5.3,5.4,5.4,5.4,5.8,6.6,7.0
40220,"Roanoke, VA",Virginia,0.0,0.0,230421.18143170947,202233.65896835545,183913.6089597883,0.047689735814677,63030.18687865542,24205.8602251304,157452.4603411706,936756.7051076536,1773575.9283081123,2461161.157527973,434205.6929336166,0.0,0.0,1150.6343458521865,182866.49808983156,0.0,0.0,842.2013804164606,859440.0,495664.1519154504,2.8613886e-08,3072743.7776801963,33261.75504643771,413100.3595635934,81462.80103127228,919731.6941743232,763426.6515084392,704072.87217255,0.0,0.0,50382.39005930823,148053.46375109916,0.0,0.0,3031366377485.8604,3656911600000.0,3655160000000.0,241876101.62213844,3615479087565.461,3654953647694.317,2147491399962.2805,3655160000000.0,122831562891.54324,3655160000000.0,3655160000000.0,0.0,0.0,175012312737.96506,3655020800000.0,59607223958.0,315100.0,13936.0,14077.0,-141.0,28013.0,1411.5682767758703,1373.9810770167103,1971.7071283534983,1967.6247101518115,"Roanoke, VA",40220.0,3.1,3.1,2.7,2.9,3.0,2.8,2.7,2.7,2.6,2.6,2.6,2.6,2.7,2.8,2.7,2.8,2.8,2.8,2.8,2.8,2.9,3.2,3.4,3.7,3.9,4.2,4.5,4.5,4.4,4.3,4.0,3.7,3.6,3.6,3.6,3.6,3.5,3.7,3.6,3.7,3.8,4.3,4.9
40340,"Rochester, MN",Minnesota,0.0,0.0,1491928.8248252582,9659.591108797553,230560.3729124652,790321.9755351931,0.0,163694.3355233592,116150.14348068889,247379.4264224478,575136.4654129825,53679.624070769685,7809302.086381688,0.0,0.0,10630.12066699477,1091193.5029887594,0.0,0.0,12582.423645926923,36080.3,2365617.1733477493,10210.636395779768,0.0,240059.44408924747,131687.76356858216,220998.6938323625,5561183.402378836,3113855.109831241,9065879.67134372,0.0,0.0,78968.6697205014,183168.9655819949,0.0,0.0,2620822800000.0,2625416400000.0,2620822800000.0,2620822800000.0,0.0,2619986264931.997,995917641604.6,2620822800000.0,37488382299.71389,2620822800000.0,2620822800000.0,0.0,0.0,735270215316.2684,2620822800000.0,56671444830.0,225933.0,11358.0,11026.0,332.0,22384.0,1065.7208827831048,927.3769460149416,1400.162133468835,1424.521323111732,"Rochester, MN",40340.0,3.0,2.7,2.6,2.5,2.3,2.3,2.2,2.2,2.1,2.1,2.0,2.1,2.1,2.1,2.1,2.1,2.0,2.0,2.0,2.1,2.2,2.3,2.4,2.5,2.6,2.7,2.7,2.6,2.6,2.6,2.5,2.4,2.4,2.4,2.4,2.4,2.5,2.7,2.8,2.8,2.8,3.1,3.5
40380,"Rochester, NY",New York,0.0,6988.883162248309,1385715.1061773582,355186.69288142305,92335.20044915217,1450044.890968341,18889.582211202796,273076.3517030235,116129.6032195253,810362.9544733884,2476802.6316856886,838041.1067129615,5873656.798450934,0.0,0.0,21106.601124682056,297478.19403532724,0.0,53691.18086276386,20122.50882242572,1771566.0,245416.885128046,9.075048171056885,2607279.2324321247,1623258.3661949844,400998.9146016122,36967.708254650206,4019379.004036616,1062573.897650282,1755701.201772459,0.0,0.0,233384.79852330123,217134.25669908684,0.0,19965814194.112053,12628501761685.06,12645566000000.0,12628502400000.0,12628501761685.062,12550025438886.574,12621738441303.37,2541131389854.165,12628502400000.0,208993722661.64023,12628502400000.0,12628502400000.0,0.0,0.0,1343031077632.182,12628501761685.062,208537972531.0,1088664.0,38777.0,36423.0,2354.0,75200.0,1681.8953594085451,2075.405261629641,2697.0203929521927,2646.4619778111305,"Rochester, NY",40380.0,2.1,2.1,2.1,2.3,2.3,2.4,2.4,2.5,2.5,2.4,2.4,2.4,2.5,2.4,2.4,2.3,2.3,2.2,2.2,2.1,2.0,2.1,2.2,2.3,2.3,2.4,2.3,2.3,2.3,2.3,2.4,2.5,2.5,2.5,2.5,2.5,2.4,2.4,2.4,2.5,2.7,2.9,3.0
40420,"Rockford, IL",Illinois,0.0,0.0,5271980.21356291,167849.3969437877,16058.229292239876,1472419.49774447,119.63826135615908,230416.46475128847,34800.000000003536,1182471.5578240792,1645238.3286587694,1071256.7760302238,11198044.758658782,0.0,0.0,3591.8720351389384,603439.8477715439,0.0,0.0,1182.5473754168756,626437.2,8790377.188760567,5510.690152836851,25886.9207780742,1460823.789659684,8999.999999999975,46693.36910359416,2188848.122131818,2179904.114731478,9035791.732022136,0.0,0.0,55284.99124384113,40607.94437974256,0.0,0.0,3927284316986.224,3930056800000.0,3927284400000.0,3927284316986.224,3898883361381.968,3927284316986.224,236814905058.04187,3927284400000.0,87078918475.38332,3927284400000.0,3927284400000.0,0.0,0.0,232149089644.94348,3927284316986.224,73148055775.0,338559.0,12616.0,13392.0,-776.0,26008.0,1386.3379818788778,1437.800055640561,1992.171428366545,2003.0798785869724,"Rockford, IL",40420.0,1.8,1.8,1.7,1.7,1.6,1.6,1.5,1.5,1.5,1.5,1.6,1.7,1.8,1.8,1.8,1.7,1.7,1.6,1.6,1.6,1.6,1.7,1.9,2.1,2.3,2.6,2.5,2.5,2.4,2.3,2.4,2.0,1.9,1.8,1.7,1.8,2.0,2.2,2.1,2.2,2.4,2.7,2.9
40580,"Rocky Mount, NC",North Carolina,0.0,0.0,0.0,34659.32437919482,214761.4734157845,1219919.5933047952,255267.00441342735,28490.42549984989,34799.99999999409,419733.8100259775,2652946.405748618,305654.9513522519,3718087.6424613055,0.0,0.0,5081.932820954095,409403.7364606977,0.0,0.0,0.0,215974.5,93925.90404068734,15792.101126337726,10356340.41866909,190620.93864300425,7330.285975985221,61670.08672400981,9929157.49359114,118026.85509765091,2507195.6937539717,0.0,0.0,16222.155091581466,45002.800164893335,0.0,0.0,0.0,1668892000000.0,1668138000000.0,1668138000000.0,1668067450772.8584,1668117644817.4255,63194264291.095634,1668138000000.0,65756165760.336006,1668138000000.0,1668138000000.0,0.0,0.0,270228963008.42657,1668138000000.0,26051439556.0,143805.0,7053.0,6385.0,668.0,13438.0,977.9616556900378,840.8269738775035,1321.5456859299263,1256.9976133628893,"Rocky Mount, NC",40580.0,3.3,3.3,3.2,3.0,3.0,3.0,3.0,3.0,2.9,2.7,2.7,2.6,2.6,2.6,2.6,2.6,2.6,2.7,2.7,2.7,2.8,2.9,3.1,3.1,3.2,3.3,3.2,3.1,3.2,3.3,2.9,2.8,2.7,2.7,2.8,2.8,2.9,2.8,2.8,2.8,2.9,3.1,3.7
40660,"Rome, GA",Georgia,0.0,0.0,34181.1357213182,326306.2589011703,5072.1579086314205,0.0,6706.237127837988,6845.678938096874,17399.999999999964,257823.93455710445,437222.5470950369,303136.6730852178,5121101.835579543,0.0,0.0,79.07129235455953,25408.529803539703,0.0,0.0,1341.3099427685036,1491158.7,534669.848346635,0.0,443178.91492264817,107978.09812049412,105000.0,95431.84826758032,94695.83287496264,436194.818700938,3722467.230210015,0.0,0.0,9808.939513774078,1905.694424016625,0.0,0.0,1142971199185.912,1143574400000.0,1142971200000.0,0.0,1142940002584.12,1142788967306.9167,469278276839.57794,1142971200000.0,37419628351.19319,1142971200000.0,1142971200000.0,0.0,0.0,72314857489.542,1142971199185.912,19302351788.0,98532.0,5158.0,5335.0,-177.0,10493.0,853.5016110119535,759.3595986092491,1128.5712206148091,1156.2776483180846,"Rome, GA",40660.0,2.7,2.8,2.7,2.6,2.6,2.5,2.5,2.4,2.3,2.2,2.2,2.2,2.2,2.2,2.2,2.3,2.4,2.4,2.5,2.6,2.6,2.8,2.9,3.0,3.1,3.2,3.1,3.1,3.0,3.1,3.0,2.9,2.8,2.8,2.8,2.7,2.8,2.8,2.9,3.1,3.0,3.0,3.5
40900,"Sacramento--Roseville--Arden-Arcade, CA",California,1105655.440306062,0.0,0.0,37157818.985734895,25486.93372369072,18620310.08597298,0.0,0.0,185009.7664657661,708995.3606873413,485148.0775342024,9623.228708764262,589601.6175552142,0.0,0.0,36886.01933890767,130179.77670879608,1503.6538883016772,0.0,0.0,153785282.5,6173.587147406173,1579.5810132883378,0.0,0.0,768134.6209065603,28542.245964290603,3741324.839330268,17820.591107753822,2099006.304404825,0.0,0.0,39596299.37045677,4402.951147850374,116000000.0,0.0,0.0,27809631200000.0,27800710800000.0,27298028433073.42,0.0,0.0,2767410263102.943,27800710800000.0,1865693399350.4143,27800710800000.0,27800710800000.0,0.0,0.0,1267423431321.5833,27800624425980.387,444993481886.0,2396613.0,102384.0,90023.0,12361.0,192407.0,3697.265340762007,3735.712114175824,5177.093972490745,5334.024278159971,"Sacramento-Roseville-Arden-Arcade, CA",40900.0,3.4,3.6,3.6,3.3,3.2,3.1,3.0,3.0,3.1,3.4,4.0,4.0,3.9,3.7,3.5,3.3,3.0,2.9,3.0,2.9,3.0,3.5,4.2,4.9,6.1,6.9,6.6,5.7,3.7,3.1,3.3,3.0,3.1,4.1,4.5,4.6,4.8,5.0,5.0,5.0,5.2,5.9,6.1
40980,"Saginaw, MI",Michigan,0.0,0.0,648437.0695319981,31659.258200611304,28615.85350486038,796134.4361013006,1546.0462221321754,3329.212666660859,16607.734277367286,320873.1808338104,1552118.2066827845,362684.8322030183,4968014.238291549,0.0,0.0,1266.458982448367,286649.826838753,0.0,0.0,5053.4999524126,111733.2,36.88376109214001,2457.1951553848226,184239.2308210888,418812.0332151149,2976.598198325501,18278.295950150816,220251.24950404916,4093967.30872466,3176539.136051051,0.0,0.0,10477.13494402918,97026.36133308256,0.0,0.0,2204776501709.348,2205438400000.0,2204777200000.0,2204776501709.348,2197684358511.1824,2204697157337.2764,3321546855.4734583,2204777200000.0,119869319005.29749,2204777200000.0,2204777200000.0,0.0,0.0,39352257741.936935,2204776501709.348,36677004245.0,190067.0,8111.0,9166.0,-1055.0,17277.0,995.371287510344,992.1179365377888,1438.1029170403626,1372.8138985310427,"Saginaw, MI",40980.0,1.9,2.0,1.9,1.8,1.7,1.6,1.6,1.6,1.7,1.7,1.8,1.9,1.9,1.9,1.9,2.0,2.0,2.1,2.1,2.2,2.2,2.3,2.4,2.5,2.6,2.6,2.5,2.4,2.2,2.2,2.1,2.0,2.0,2.0,2.1,2.2,2.2,2.1,2.1,2.1,2.2,2.5,2.9
41060,"St. Cloud, MN",Minnesota,0.0,0.0,692700.9594554002,4544.037941587405,227745.62297164305,1619876.1136331146,0.0,65445.88183502541,34800.00000000111,1154288.9205923527,68865.23754734467,1743315.714122449,4959224.477066877,0.0,0.0,99800.96510249464,362524.123606802,0.0,0.0,1203.750201908114,20801.0,2158562.411139877,8918.732767046862,0.0,878629.1784863886,109499.9999999996,20781.62846873958,1012123.9984538968,1478503.5590590336,6697701.842317827,0.0,0.0,1413272.6933868555,844022.6223016422,0.0,0.0,2314524800000.0,2316183600000.0,2314524800000.0,2314524800000.0,0.0,2314524800000.0,369245193279.8655,2314524800000.0,26209627412.093605,2314524800000.0,2314524800000.0,0.0,0.0,240348078729.19205,2314524800000.0,52790703890.0,199528.0,12730.0,11309.0,1421.0,24039.0,1147.252369794894,1222.8201012413886,1749.3761745262225,1600.2662278508535,"St. Cloud, MN",41060.0,2.8,2.7,2.6,2.6,2.6,2.5,2.5,2.5,2.4,2.4,2.3,2.3,2.3,2.3,2.3,2.3,2.3,2.3,2.2,2.2,2.3,2.6,2.8,3.1,3.4,3.6,3.7,3.6,3.2,3.1,3.1,2.9,2.7,2.7,2.8,2.8,2.8,2.8,2.8,2.8,2.9,3.3,3.7
41100,"St. George, UT",Utah,61532.536375386975,0.0,0.003068590388336,313626.53818695067,12303.279675654676,5033200.28101234,0.0,32546.89248528972,55264.45938058328,87776.2074580713,6034593.230449738,33658.765192241684,26474.28664257616,0.0,0.0,49842.91337906659,68956.55814036125,79.13967830167745,0.0,0.000588540793579,1702508.6,62.650093480637885,74.84683648846595,0.0,97885.1336172368,461626.4721595404,21439.76572638513,22509600.33563887,29794.100029868576,1643.1163403303717,0.0,0.0,72249646.60195686,24344.626225035663,58000000.0,0.0,23200000.0,2091236400000.0,2089357200000.0,2055219485721.6328,0.0,2089357200000.0,868976354776.2872,2089357200000.0,24990707555.60979,2089357200000.0,2089357200000.0,0.0,0.0,614832107897.9845,2089356283459.176,30275265959.0,180117.0,12301.0,9774.0,2527.0,22075.0,1469.2525310510784,1191.977768249056,1880.766599022856,1903.346263820643,"St. George, UT",41100.0,4.0,4.3,4.3,4.2,3.8,3.6,3.6,3.4,3.2,3.0,3.1,3.1,3.1,3.2,3.4,3.6,3.7,3.7,3.8,3.7,3.7,4.0,4.2,4.2,4.6,5.8,7.0,6.9,6.2,5.6,5.2,4.8,4.5,4.5,4.4,4.5,4.7,5.2,5.6,5.6,5.8,7.9,9.9
41140,"St. Joseph, MO-KS",Missouri,0.0,0.0,401946.5429363922,56604.103572874825,155263.56431020892,1690415.05060679,0.0,260306.59811650807,81792.00161357413,183787.6786846652,444769.28193323774,1317257.0632041534,6586807.119804358,0.0,0.0,8058.55944773184,266831.1520864559,0.0,0.0,304.6418970188578,200258.5,1910184.563974632,240387.27333967516,0.0,188803.6808718957,24721.834105219485,87499.00966065879,233086.10022554864,889030.1094125478,5866071.202545017,0.0,0.0,227918.67993488425,612479.5558723197,0.0,0.0,1406975578508.68,1409017200000.0,1406975600000.0,1406975578508.68,0.0,1406666611722.1345,258301656177.8589,1406975600000.0,28052620097.47984,1406975600000.0,1406975600000.0,0.0,0.0,75094375826.16737,1406975578508.68,27868665217.0,121291.0,6912.0,6991.0,-79.0,13903.0,829.9710838336478,910.3537773854732,1239.808049659301,1223.1283661169828,"St. Joseph, MO-KS",41140.0,2.1,1.9,1.8,1.9,1.9,1.9,2.0,2.0,2.0,1.9,1.7,1.8,1.8,1.9,2.0,1.9,2.1,2.0,2.0,2.0,2.1,2.2,2.3,2.3,2.4,2.5,2.5,2.4,2.3,2.3,2.3,2.2,2.2,2.2,2.2,2.3,2.3,2.3,2.4,2.3,2.4,2.6,3.0
41180,"St. Louis, MO-IL",Illinois,0.0,0.0,6486129.883772724,61535562.63737629,747922.2387084527,201500182.11963657,3488.4386478986994,15790698.55958098,274931.55861778127,5544836.763944143,9031897.309449531,8781211.212428186,78739391.12037423,0.0,0.0,63362.82927848869,3139952.2371866303,0.0,0.0,5761.619114655747,132423155.2,81310170.51658778,2906.0159773127234,746432.9711640055,4891670.689620119,772942.8205756426,510140.58411825175,16285460.034166615,1910790.0128267144,61014819.80624623,0.0,0.0,718377.7359794627,9520047.157350363,0.0,0.0,32695967771774.96,32714934800000.0,32696015200000.0,32695967771774.96,32576103139411.72,32677824833926.47,8509613242567.0,32696015200000.0,708515737311.8563,32696015200000.0,32696015200000.0,0.0,0.0,2188914754807.2505,32695967771774.96,608615055465.0,2818622.0,71805.0,86152.0,-14347.0,157957.0,2809.6754260946227,3079.2312352273902,4268.848205312529,4066.147562496964,"St. Louis, MO-IL",41180.0,3.1,2.9,2.7,2.7,2.7,2.7,2.7,2.8,2.7,2.7,2.6,2.6,2.7,2.6,2.5,2.5,2.5,2.5,2.5,2.5,2.5,2.6,2.6,2.7,2.8,3.0,3.0,2.9,2.6,2.5,2.6,2.4,2.4,2.6,2.6,2.7,2.7,2.7,2.8,2.8,3.0,3.2,3.5
41420,"Salem, OR",Oregon,36919.52184,0.0,2747.861025789696,49142005.20347965,70328.630198317,73512.09112275025,0.0,74898.8980998288,198761.9117059647,58953.22045917768,492408.7140620183,34873.50515162492,238417.75428577332,0.0,81045.00446047328,579.5269551681323,294925.5853329924,47.483807,0.0,14.39753598224738,78741335.9,1364.93161515125,89792.83490090354,0.0,68371.8087496581,1495655.961565723,8732.960766517448,2853812.352609531,17163.270407333548,94710.4491372326,0.0,6.763195544147981,33586.757876784075,5536.33512561556,58000000.0,0.0,5092400000.0,5026894800000.0,5004866400000.0,5004866400000.0,0.0,5004734794205.62,1429104163694.8416,5004866400000.0,170508944913.98132,5004866400000.0,5004866400000.0,0.0,789597582288.1838,333407296322.5273,5004866400000.0,78808282931.0,431454.0,23046.0,20878.0,2168.0,43924.0,1848.943752524668,1588.9776587479132,2445.207353170688,2430.538006285851,"Salem, OR",41420.0,3.0,2.7,2.8,2.8,2.6,2.4,2.3,2.2,2.1,2.1,2.2,2.2,2.3,2.4,2.6,2.7,2.7,2.8,2.8,2.8,2.8,3.1,3.3,3.7,3.7,4.1,4.8,5.0,4.6,4.0,3.8,3.2,3.2,3.6,3.8,4.0,4.3,4.7,4.9,5.0,5.4,6.2,6.9
41500,"Salinas, CA",California,0.0,726.3432316356613,0.0,35519852.84292497,14366.825470545513,104896.6212174292,0.0,0.0,100676.858614343,108387.2612011542,2296441.4170224555,31598.808845022468,89949.99330895678,4704.337281266598,0.0,6956.518834553687,107.678867369877,0.0,61999.3137974896,0.0,113376338.9,1.223651121183061,130.71275060072765,0.0,0.0,886773.1497641109,9976.982800727645,1178304.138864734,3298.725967548889,272184.2416666207,54407.946422194014,0.0,7790929.878211457,36.75388560636248,0.0,57598827292.3559,0.0,5092806000000.0,5087748400000.0,5087748400000.0,0.0,0.0,764476952937.2852,5087748400000.0,157662310163.74063,5087748400000.0,5087748400000.0,27146481580.19007,0.0,199340490459.26276,154695178728.94183,76406937519.0,438599.0,22337.0,22830.0,-493.0,45167.0,1676.2613161437569,1784.8456515900752,2453.047288578025,2443.1166570591754,"Salinas, CA",41500.0,6.1,6.2,6.0,5.7,5.4,5.3,5.5,5.6,6.3,6.9,6.0,5.8,5.4,5.4,5.6,5.3,5.5,5.8,5.6,6.0,6.9,6.9,7.5,8.6,10.2,11.6,11.3,11.1,5.8,3.8,4.5,4.6,5.3,6.7,7.8,8.0,8.0,8.6,8.4,8.1,9.3,10.4,10.2
41540,"Salisbury, MD-DE",Maryland,0.0,600903.6765295194,0.0,133919.24955827626,711.9408701778705,3110545.580883759,1639436.5773394904,58955.478292110965,69599.9999999969,666410.7491137423,952386.3902021667,378948.0123532609,1156450.971060306,0.0,0.0,76022.11795641175,529020.3962438194,0.0,27800602.649409547,0.0,558893.7,28531.749852343728,0.038060901382149,67564607.35615984,322041.3142139187,18000.000000000015,278476.31814977335,302083.8556752131,354243.5447237935,1101075.0711259083,0.0,0.0,4090138.52042374,239415.97350966756,0.0,648807681472.6428,0.0,4849333600000.0,4846828000000.0,4846828000000.0,4846686695411.588,4790058607276.552,137324461417.77412,4846828000000.0,426758398599.7791,4846828000000.0,4846828000000.0,0.0,0.0,348078681337.60175,4846828000000.0,101599671929.0,417830.0,21151.0,14843.0,6308.0,35994.0,1559.5723772880822,1232.6808183791943,1996.9221316816536,1977.915569482176,"Salisbury, MD-DE",41540.0,3.4,3.2,3.0,2.8,2.7,2.7,2.8,2.9,3.0,3.1,3.1,3.1,3.2,3.2,3.2,3.1,3.1,3.1,3.0,3.1,3.2,3.5,3.8,4.2,4.8,5.5,5.9,5.9,5.6,5.3,5.0,4.7,4.6,4.5,4.5,4.5,4.5,4.5,4.1,4.0,4.0,4.3,4.9
41620,"Salt Lake City, UT",Utah,1963310.6691,0.0,4279.141063776103,108041640.91256502,22058.32062128027,2239612.4861113867,0.0,15164.79480105954,78347.59127416054,1311653.7631425625,3649724.9048211775,709421.7391998145,2421306.445957153,0.0,0.0,89581.71724443563,1812325.8476327127,434.834433,0.0,13.284055997800827,173624382.20000002,906.9374809295934,81.13908277747427,0.0,46238.32095502509,414078.13167416624,36041.070132891175,934520.0275116232,466396.6470401606,1136162.406521265,0.0,0.0,36163945.3099384,139068.17104766896,58000000.0,0.0,21239571109.38568,14592057600000.0,14589795600000.0,14556720841402.8,0.0,14589795600000.0,1316336685198.1482,14589795600000.0,116368135675.12714,14589795600000.0,14589795600000.0,0.0,0.0,873369174357.5181,14588894544822.988,182674827086.0,1257741.0,59032.0,59586.0,-554.0,118618.0,2901.7215579720946,2958.364581994586,4206.5709312930885,4080.534156210434,"Salt Lake City, UT",41620.0,3.1,3.1,3.0,2.9,2.9,2.8,2.8,2.6,2.4,2.3,2.2,2.2,2.2,2.4,2.6,2.8,2.9,2.9,2.9,2.9,2.8,2.9,3.0,3.0,3.1,3.3,3.8,4.0,3.9,3.7,3.6,3.2,3.4,3.8,3.8,3.9,4.0,4.2,4.4,4.6,4.9,5.9,6.8
41660,"San Angelo, TX",Texas,0.0,0.0,333902.6927965664,7039.721503289313,151222.89051345777,2052092.426922873,1499.0860834467087,26364.48758181118,20954.571448787403,279821.2021533339,118792.21758202686,28821.15718855184,409430.59935526137,0.0,0.0,335906.0609444077,524801.6394231742,0.0,0.0,3517.067615827418,22147.0,2716807.440777853,523.2459160757528,88871.01329656538,4888.290627359163,5336.872760618894,15512.982556174808,161548.91481808358,431928.9635935599,1842202.880070956,0.0,0.0,6892858.092914343,8790.336478696048,0.0,0.0,1407776000000.0,1409585600000.0,1407776000000.0,1407776000000.0,1399525179622.743,1407776000000.0,7173842123.88726,1407776000000.0,46307902563.468346,1407776000000.0,1407776000000.0,0.0,0.0,202562115968.43607,1407776000000.0,20266530786.0,121360.0,9155.0,7884.0,1271.0,17039.0,1189.9428557708138,957.6606914768926,1546.3414888051086,1509.335284156572,"San Angelo, TX",41660.0,2.7,2.6,2.7,2.7,2.7,2.7,2.7,2.5,2.3,2.3,2.3,2.2,2.2,2.3,2.2,2.3,2.2,2.2,2.2,2.1,2.1,2.2,2.3,2.3,2.3,2.5,2.6,2.6,2.6,2.8,2.8,2.7,2.6,2.7,2.8,2.9,2.8,2.9,2.9,3.0,2.9,3.1,3.6
41700,"San Antonio-New Braunfels, TX",Texas,0.0,0.0,2024200.8406983248,45468.91878908641,890801.6809261751,6109843.541143909,154277.77646177597,307916.71510221035,117325.67597980727,5431810.276719784,75719653.78657474,1447057.2365598038,106642641.91510911,0.0,0.0,34225.45929077323,1757106.6256633734,0.0,0.0,20585.03356486259,139552.6,30159651.360433783,686.0494810741039,12333760.114558918,426087.473172646,128771.00431254324,177533.3810864307,25438898.877091475,1896722.1075569196,29816256.939815827,0.0,0.0,10503661.460346824,412566.6929835308,0.0,0.0,29628940400000.0,29674458800000.0,29628940400000.0,29628940400000.0,29622596229562.227,29599826086499.93,2053020046580.044,29628940400000.0,726223643113.5465,29628940400000.0,29628940400000.0,0.0,0.0,3108595637308.8613,29628940400000.0,372989821058.0,2554219.0,108858.0,98004.0,10854.0,206862.0,4659.039385967884,3790.8182494021,5870.742372136594,6139.24180986545,"San Antonio-New Braunfels, TX",41700.0,3.4,3.3,3.3,3.3,3.3,3.1,3.2,3.0,2.6,2.5,2.4,2.3,2.4,2.6,2.5,2.5,2.5,2.5,2.4,2.3,2.4,2.5,2.7,2.9,2.9,3.1,3.2,3.3,3.2,3.1,3.1,3.0,3.1,3.3,3.4,3.6,3.7,3.8,3.9,3.9,4.0,4.4,4.9
41740,"San Diego-Carlsbad, CA",California,61532.536375386975,6685.456338587881,0.0,115597883.6036996,21004.05415816961,4411017.448449852,17.943728841576608,0.0,27552.87988617555,197459.60012769344,2866277.387385973,135598.6628951149,251749.00046108747,6432.6551455908775,0.0,588575.1269676215,14786.109642987984,79.13967830167745,12656.338791250451,0.0,284536347.2,295.78853186981405,772.5065275888545,27397.43110791103,0.0,262249.0456873858,2884.3387032958917,4091242.319869708,108929.300649141,1795871.106169555,647.752142624538,0.0,380981471.4443784,397.3497521967364,58000000.0,183319526354.72345,0.0,38264154400000.0,38233379600000.0,38233042799249.625,38233379600000.0,0.0,16696380376982.3,38233379600000.0,718706982650.8527,38233379600000.0,38233379600000.0,256637915165.29767,0.0,1938636451691.7336,16240322266831.023,569080026040.0,3295981.0,133096.0,156835.0,-23739.0,289931.0,4630.6562169956,5089.89204207712,6802.573998127474,6959.797770050506,"San Diego-Carlsbad, CA",41740.0,5.7,5.6,5.1,4.8,4.6,4.4,4.3,4.4,4.7,5.2,5.2,5.2,5.2,5.0,4.9,4.7,4.6,4.6,4.8,4.9,5.4,5.9,7.1,8.1,10.0,10.3,9.7,9.1,6.4,5.7,6.2,6.0,6.2,7.2,7.6,7.8,7.7,7.9,7.9,7.7,8.1,9.1,9.5
41860,"San Francisco-Oakland-Hayward, CA",California,0.0,124897.34401842055,0.0,744115846.3526323,19193.33537216821,6364655.832919325,0.0,0.0,199436.24877888357,616039.403232256,27284761.861581217,55645.51133551678,1220684.2207492143,65059.20135966877,0.0,282594.7198403313,0.038313680377984,0.0,6488010.209511537,0.0,1794867534.1,196229.57529519396,645.3616982373692,0.0,0.0,1737812.0983198253,85273.71903907224,29301149.104004458,22452.11853033938,3647336.707325339,161659.0673257224,0.0,17102789.94397023,0.085280151025779,0.0,1976948248158.74,0.0,55088492800000.0,55023335600000.0,54994450267181.33,0.0,0.0,13964337708016.23,55023335600000.0,1990403964174.7148,55023335600000.0,55023335600000.0,1831221015430.4543,0.0,1386690217775.984,831482117.6691275,924067014351.0,4743391.0,168511.0,215668.0,-47157.0,384179.0,4487.097279979564,5326.712682321058,6776.191777097221,7148.950342532811,"San Francisco-Oakland-Hayward, CA",41860.0,6.3,6.2,5.7,5.5,5.2,5.1,5.1,5.4,5.9,6.4,6.3,6.1,6.0,5.8,5.8,5.6,5.6,5.7,5.8,5.9,7.1,7.5,8.3,8.9,10.1,10.8,10.8,10.8,8.3,6.6,7.2,6.6,7.2,8.4,8.7,8.7,8.6,8.8,9.1,8.7,9.4,11.3,11.3
41900,"San Germán, PR",Puerto Rico,0.0,2496.022969711357,0.0,12553526.059955798,1819.9429805158584,0.0,2702540.0509472834,0.0,69600.00000000105,0.0,42451.276709289166,5.877224082382916,25319.21202876129,397.7836146058506,0.0,0.0,0.0,0.0,2233962.712519646,0.0,13412062.1,182.03939809861063,0.0,68808989.310507,0.0,18000.000000000004,0.0,1015873.3478246948,1.061805682866172,20333.40113038733,1079.87119797314,0.0,0.0,0.0,0.0,28193214232.03133,0.0,1451160000000.0,1449292400000.0,0.0,1448936143815.8862,0.0,274805179939.4116,0.0,66347997254.199615,1449292400000.0,1449292400000.0,57464116108.50565,0.0,0.0,0.0,14872566672.0,124939.0,1816.0,3920.0,-2104.0,5736.0,442.3980108454377,739.8885051141151,845.0035502883997,878.5226234992472,,,,,,,,,,,,,,,,,,,,,,,,,,,,,,,,,,,,,,,,,,,,,
41940,"San Jose-Sunnyvale-Santa Clara, CA",California,0.0,20244.781215170035,0.0,340960704.8824145,5522.149777954704,4292410.576114137,0.0,0.0,48242.015638229816,21697.744347437125,1080225.0168954856,16213.355562793164,523432.0294866875,10.26665208016578,0.0,17553.785273251164,0.002196601804063,0.0,980992.473839884,0.0,916954716.1,136824.89093521374,75.34346472382265,0.0,0.0,294612.0724113554,6187.569433354203,791199.0986165045,4657.226318466828,1218902.7941622753,185.1451519122128,0.0,11733794.479462149,0.00019418509701,0.0,278931725873.2117,0.0,23205428800000.0,23185233200000.0,23184297433171.8,0.0,0.0,2818843168694.01,23185233200000.0,1518808076624.0718,23185233200000.0,23185233200000.0,689132871.02912,0.0,381397158216.82153,553590234.2603416,394826815045.0,1998727.0,79958.0,110863.0,-30905.0,190821.0,2957.2534554887243,4359.263469899473,5164.48235547378,5369.635276254803,"San Jose-Sunnyvale-Santa Clara, CA",41940.0,4.7,4.8,4.3,4.0,4.0,4.0,4.1,4.2,4.7,5.8,6.2,6.3,6.3,6.3,6.1,5.8,5.6,5.8,5.9,5.6,6.5,7.0,7.3,7.7,8.4,9.5,9.6,9.9,7.9,6.1,7.1,6.6,7.2,8.3,8.9,9.2,9.2,10.0,10.7,9.6,10.2,11.7,12.0
41980,"San Juan-Carolina-Caguas, PR",Puerto Rico,0.0,66774.71442321505,0.0,136554656.64997733,30238.520088826197,0.0,43059664.97176048,0.0,707318.460939707,0.0,23054080.026632454,5403.608570733059,462593.9594060644,5019.026555916348,0.0,0.0,0.0,0.0,35354471.48680031,0.0,200856768.2,3703.7626907131935,0.0,1334057228.2961085,0.0,181416.8921481532,0.0,59552546.55113765,230.22430898786143,466420.26908856136,21101.579918685144,0.0,0.0,0.0,0.0,1676249713340.5596,0.0,24142674000000.0,24113105600000.0,0.0,24110283069257.4,0.0,6273657719848.924,0.0,2240523728076.8296,24113105600000.0,24113105600000.0,1683960379464.9685,0.0,0.0,0.0,302926433085.0,2078716.0,22260.0,66881.0,-44621.0,89141.0,1773.0998279848768,3632.82410804597,4063.448781515525,4020.8561277419512,,,,,,,,,,,,,,,,,,,,,,,,,,,,,,,,,,,,,,,,,,,,,
42020,"San Luis Obispo-Paso Robles-Arroyo Grande, CA",California,0.0,200.85538101954407,0.0,7877987.648023111,1895.3233177335355,60651.042600335495,0.0,0.0,40504.87659664011,40516.54431156898,578717.065296218,2320.6818305236397,5812.184988415929,5271.502897439664,0.0,13050.861359518363,0.41765876920368,0.0,20147.825506121644,0.0,38397894.2,410.8681159081357,348.2163960941132,0.0,0.0,316722.5061360532,3076.538016142848,4919622.084907915,3563.918641859537,19789.9757172048,2015.6130557958008,0.0,9693361.695161292,0.101620185111542,0.0,26923596991.42412,0.0,3276118400000.0,3252292000000.0,3060453104090.9565,0.0,0.0,1444839069782.047,3252292000000.0,103302813997.59032,3252292000000.0,3252292000000.0,63314261543.53568,0.0,214386217715.17163,6540746825.931282,62617650590.0,280370.0,21289.0,14401.0,6888.0,35690.0,1421.4218233867102,1204.6476663323597,1841.1558869362475,1885.6444521701328,"San Luis Obispo-Paso Robles-Arroyo Grande, CA",42020.0,6.6,6.8,6.1,5.5,5.0,5.1,5.4,5.5,6.1,6.7,6.4,6.0,5.7,5.4,5.2,4.9,4.7,4.9,4.6,5.1,5.9,6.6,7.6,8.4,9.5,11.2,10.9,10.0,7.7,6.7,6.9,6.4,6.7,7.5,7.8,7.9,8.0,8.1,8.4,8.3,8.4,9.6,10.5
42100,"Santa Cruz-Watsonville, CA",California,0.0,386.3577953487634,0.0,39249895.53926382,1560.7889336259636,211202.6968025508,0.0,0.0,171925.14854206718,89305.0658281804,895620.7847600383,15797.704663591596,60685.30133004747,15918.778665345017,0.0,14726.097670805731,0.0,0.0,17204.99742243177,0.0,110080448.5,6531.046145726834,82.28422551082657,0.0,0.0,1363494.8811192547,8678.835235078739,2120437.540394294,2087.370421067309,149930.19370278172,95145.25036591472,0.0,10005772.30650979,0.0,0.0,67333096388.02858,0.0,3141987600000.0,3136732800000.0,3136732800000.0,0.0,0.0,1422399895071.4463,3136732800000.0,257350950323.06287,3136732800000.0,3136732800000.0,124086253125.63356,0.0,334812107122.54285,0.0,54953659279.0,270408.0,18731.0,15983.0,2748.0,34714.0,1416.9107240754445,1301.0499606087385,1891.1374883915764,1956.6008790757503,"Santa Cruz-Watsonville, CA",42100.0,6.8,6.8,6.5,6.2,5.7,5.5,5.7,5.6,6.2,6.6,6.4,6.0,5.8,5.7,5.5,5.4,5.3,5.6,6.1,6.5,7.8,8.5,9.1,9.6,10.8,12.3,11.5,11.1,8.6,7.3,8.2,7.2,7.6,8.8,10.0,10.3,10.6,10.4,10.6,10.1,10.9,12.7,13.3
42140,"Santa Fe, NM",New Mexico,0.0,0.0,832190.4754472553,812944.8610601805,53516.727372143854,0.0,0.0,3052.405632034876,28212.15535192903,741326.049398961,706899.5014937673,9061.068403955163,91968.58937080884,0.0,0.0,3964.248399371724,1820.2114559595905,0.0,0.0,289.7124731272544,2865898.7,78779.10970680993,0.0,0.0,203.36990243221496,7734.026456143418,8782.67322343881,128279.09693147124,8061.580299801926,167289.17908466427,0.0,0.0,13332840.874990037,3066.894438871675,0.0,0.0,1792304400000.0,1795946800000.0,1792304400000.0,0.0,0.0,1792304400000.0,129299533863.13008,1792304400000.0,24199500752.790813,1792304400000.0,1792304400000.0,0.0,0.0,685872086110.707,1792304400000.0,30897531981.0,154509.0,7467.0,7111.0,356.0,14578.0,807.66639152561,994.0638812470756,1280.6783358829805,1280.6959045768829,"Santa Fe, NM",42140.0,3.7,3.7,3.9,3.8,3.6,3.5,3.6,3.6,3.5,3.4,3.4,3.4,3.6,3.8,4.0,4.3,4.3,4.2,4.3,4.3,4.4,4.7,4.9,5.3,5.7,6.1,6.4,6.3,6.1,6.1,5.9,5.8,5.6,5.5,5.3,5.3,5.2,5.2,5.2,5.5,5.7,6.1,6.7
42200,"Santa Maria-Santa Barbara, CA",California,0.0,553.5650101275664,0.0,37619688.0429053,4649.554913666383,42690.6346742768,0.0,0.0,42722.11089607135,29192.29684076326,1569570.8468735556,17125.52176298025,3230.2148075920527,2727.754339487391,0.0,202300.31082868544,46.61649566826866,0.0,104851.75163484416,0.0,100248476.4,470.0709566650668,130.6779136043768,0.0,0.0,287515.2892321132,3852.8100759545846,162950.58859840775,3206.795485707328,12791.942693904404,1163.1375993198046,0.0,23751067.0889176,11.156052251966972,0.0,105095910932.28854,0.0,5199456400000.0,5196776800000.0,5193960405477.21,0.0,0.0,940553990474.6896,5196776800000.0,207946991302.14413,5196776800000.0,5196776800000.0,62185653413.43334,0.0,293773888392.1035,31111200000.0,78453531276.0,447998.0,26437.0,23075.0,3362.0,49512.0,1679.4487190742086,1718.587210472602,2439.40669016054,2366.810300805707,"Santa Maria-Santa Barbara, CA",42200.0,7.1,7.0,6.8,6.4,5.9,5.7,6.0,6.2,7.1,7.8,6.4,6.2,6.3,6.0,6.2,5.9,5.7,6.2,5.8,6.3,6.7,7.1,8.3,9.4,11.7,12.7,12.7,13.0,7.4,6.3,7.5,6.5,7.6,9.8,10.7,10.9,10.3,9.8,9.0,8.7,10.1,12.1,11.7
42220,"Santa Rosa, CA",California,0.0,1272.8224555416527,0.0,56552259.59327843,2409.9220346825086,182630.2131148897,0.0,0.0,63770.09192139269,27461.559706945045,871944.0495448157,10570.722547386027,35189.14549959437,68.47249280805582,0.0,4520.312051813174,3.578967035752681,0.0,202926.2493460088,0.0,178705234.6,10.295607205581542,16.367674204665025,0.0,0.0,439216.35839300737,4840.920405740445,20047961.229731217,3346.730883782779,112519.44978827296,367.80158084943776,0.0,16955004.841502212,0.040437540219083,0.0,6482447162.786865,0.0,5670810800000.0,5664628000000.0,5664628000000.0,0.0,0.0,1257969823600.2468,5664628000000.0,132181706092.2424,5664628000000.0,5664628000000.0,1174799057.6035707,0.0,509478446102.8533,4799816321.712832,104610503336.0,488330.0,20493.0,23128.0,-2635.0,43621.0,1556.2997783203596,1811.4281658404232,2443.7240024192583,2331.432606789225,"Santa Rosa, CA",42220.0,4.6,4.7,4.5,4.3,3.9,3.8,3.9,4.0,4.5,4.8,4.8,4.9,5.2,5.1,5.0,4.9,4.5,4.3,4.5,4.7,5.7,6.3,6.8,7.6,8.8,10.3,9.8,8.9,6.3,5.5,5.8,5.4,5.7,6.8,7.4,7.6,7.8,8.0,8.0,7.7,7.8,8.1,8.4
42340,"Savannah, GA",Georgia,0.0,503107.0508010744,0.0,2710668.2817491665,404028.2283414083,2614945.809463642,13126018.698098524,179679.78187661842,52199.99999999881,1573098.650441239,481025.860922028,613856.5483158075,2215267.6818349804,0.0,0.0,91540.73428585056,80694.30245394127,0.0,148628.9113718146,0.0,8283401.0,215861.62664711644,38342.507960041374,276357106.7201457,97829.57365772723,114000.00000000004,335407.30286999,921346.0349878093,132270.36891761562,2033053.370946531,0.0,0.0,7311071.148493238,80188.5412518718,0.0,1234578507016.4412,0.0,4695656800000.0,4670090400000.0,4668721600000.0,4670068655117.854,4669017231315.098,759671055672.6785,4670090400000.0,578654719448.2611,4670090400000.0,4670090400000.0,0.0,0.0,724930348279.0636,4670090400000.0,72822942446.0,402594.0,28930.0,25246.0,3684.0,54176.0,2263.274839695789,1925.1958341945367,3008.8496140551792,2932.43499501694,"Savannah, GA",42340.0,3.2,3.2,3.1,3.0,3.0,2.9,2.9,2.9,2.9,2.7,2.6,2.6,2.7,2.7,2.7,2.7,2.7,2.7,2.7,2.7,2.8,2.9,3.2,3.3,3.5,3.9,4.1,4.3,4.2,4.1,3.9,3.6,3.4,3.4,3.4,3.4,3.5,3.5,3.6,3.7,3.7,4.0,5.0
42540,"Scranton--Wilkes-Barre--Hazleton, PA",Pennsylvania,0.0,0.0,1620161.1997817636,104454.60254246264,196968.99465491268,365927.5239451657,142120.2705546871,184617.7574312585,91112.1526651814,1275097.539511949,2432335.118560658,399857.1800875832,2468746.729586689,0.0,0.0,324.1861135016707,295833.1556172126,0.0,0.0,6952.129235628475,406004.2,48236.80408396462,0.9579644398294832,5941648.519661395,32937.60967210932,240501.77914874727,25386.037414323677,26128346.60889954,730513.3469277818,2543516.1044862904,0.0,0.0,37817.06555547941,34010.42136584013,0.0,0.0,6579902800000.0,6583684400000.0,6579902800000.0,6579902800000.0,6576545846472.453,6571336857899.124,2359391693728.7764,6579902800000.0,205344343678.0542,6579902800000.0,6579902800000.0,0.0,0.0,417705671362.78,6579902800000.0,107717513893.0,567233.0,22334.0,17213.0,5121.0,39547.0,1623.4903757029174,1342.4730909779903,2081.278213021988,2132.0544083113828,"Scranton-Wilkes-Barre-Hazleton, PA",42540.0,2.3,2.2,2.2,2.1,2.1,2.1,2.2,2.3,2.5,2.5,2.4,2.5,2.6,2.6,2.6,2.5,2.6,2.6,2.6,2.5,2.5,2.6,2.7,2.8,2.9,3.0,3.2,3.2,3.2,3.2,3.1,3.0,3.0,2.9,2.8,2.8,2.7,2.6,2.5,2.5,2.6,2.7,3.0
42660,"Seattle-Tacoma-Bellevue, WA",Washington,4736437.185756501,2143682.8038817057,0.400633532087294,309294868.42256594,30068.79048026674,2260570.622291037,0.0,313495.2557405708,187217.6960159394,808315.3732009114,626501.1664123578,39432.336553489695,3677290.880019716,5326.31035794861,14505675.270344168,399.3751027327567,161110.07167010813,5223.218769952516,1082193.08088203,0.016235476837155,781373249.0,9856.058006912315,303130.21522956336,0.0,195085.62076027988,1804889.3382533735,45256.88384606452,3471969.728863866,30223.70357415708,1411683.4196975862,165911.53653105957,107900644.75735489,506251.521119677,337.441806055514,174000000.0,121684484629.68263,708922721.8904765,46617639200000.0,46588755200000.0,46588755200000.0,0.0,46312210945895.5,24764960653191.07,46588755200000.0,518791165495.8196,46588755200000.0,46588755200000.0,192358481313.08536,43274222639712.19,4230284743113.16,46588755200000.0,777297849591.0,4016272.0,165479.0,157565.0,7914.0,323044.0,5097.311055841109,4583.990401386111,6871.556883268886,6838.67187398255,"Seattle-Tacoma-Bellevue, WA",42660.0,2.7,2.7,2.6,2.6,2.6,2.6,2.5,2.5,2.5,2.8,3.4,3.3,3.4,3.4,3.5,3.5,3.4,3.4,3.5,3.7,3.8,4.2,4.4,4.5,5.1,5.6,6.0,6.1,5.5,4.9,4.8,4.4,4.5,5.0,4.9,5.0,5.2,5.6,5.7,5.7,6.1,6.8,7.3
42680,"Sebastian-Vero Beach, FL",Florida,0.0,16968.70447706716,749869.9897428402,18546.728192481354,6620.55821299127,0.0,5495370.121805144,0.0,17399.999999975356,958873.6037540068,1608240.746135153,555218.1213271436,1004197.5051429076,0.0,0.0,6830.150192258958,0.0,0.0,1796095.195680886,4972.320010393217,51522.7,9992.068165570916,0.0,136304470.15185136,0.0,4500.000000000001,70322.84588588517,76034.23362698802,27474.59607221408,982551.4305251384,0.0,0.0,1894779.3597249945,0.0,0.0,235555371870.9182,1852740400000.0,1853540800000.0,1852740400000.0,0.0,1852719332178.424,0.0,3710682938.1523447,1852740400000.0,274631204608.66583,1852740400000.0,1852740400000.0,0.0,0.0,108827816329.02003,0.0,28622011035.0,159719.0,10653.0,7126.0,3527.0,17779.0,1317.787539780218,1105.679429129438,1752.6759540770793,1687.394441142912,"Sebastian-Vero Beach, FL",42680.0,4.1,4.1,4.3,4.3,4.1,3.8,3.7,3.5,3.3,3.2,3.2,3.3,3.5,3.4,3.3,3.2,3.1,3.0,3.0,3.0,3.0,3.1,3.4,3.6,4.1,5.1,5.2,4.6,3.7,2.9,2.9,2.8,3.1,3.4,3.4,3.7,3.9,4.2,4.2,3.9,4.1,5.5,6.7
42700,"Sebring, FL",Florida,0.0,0.0,284896.0409818517,10812.123265663364,7509.07021191983,0.0,509649.3841969328,0.0,17399.99999999656,824946.936037569,325802.2253519003,17604.440683957095,1083019.682982494,0.0,0.0,8922.795211644361,0.0,0.0,0.0,1827.4715890731325,30319.1,768.6730617360627,0.0,22486505.440708112,0.0,4500.000000000013,55370.92569223591,138314.48362355912,414681.34079030727,1236066.1363866755,0.0,0.0,3069271.850110778,0.0,0.0,0.0,1173177600000.0,1174326000000.0,1173177600000.0,0.0,1173162458903.5696,0.0,21959111137.654865,1173177600000.0,51355949227.37747,1173177600000.0,1173177600000.0,0.0,0.0,81208637549.58157,0.0,17532363122.0,101136.0,6306.0,5854.0,452.0,12160.0,892.4163826376116,1364.24924408995,1626.0845611468058,1633.3765640537397,"Sebring, FL",42700.0,4.1,4.0,4.1,3.9,3.6,3.4,3.4,3.3,3.2,3.2,3.1,3.0,2.9,2.9,2.8,2.7,2.7,2.7,2.7,2.7,2.7,2.9,3.1,3.3,3.9,4.8,5.5,5.4,4.5,3.8,3.2,2.8,2.7,2.6,2.7,2.9,3.1,3.2,3.3,3.2,3.2,3.8,4.7
43100,"Sheboygan, WI",Wisconsin,0.0,39.514201831705726,638781.7196953867,7965.536629372643,63573.87321938772,213236.7907676444,91.62773880000005,672.316893693176,17399.99999999992,105525.52556612022,143741.30759180267,59261.70081004022,2760876.880852558,0.0,0.0,2541.071553382282,144478.34513224987,0.0,10508.161030990836,259.534874655444,43559.3,2235313.916499653,1023.5278153626028,24244.346000666334,48619.68950360656,105000.00000000007,47336.79560138379,910115.8913045056,308033.7911919367,2905392.086365144,0.0,0.0,42378.51726587896,6841.506932940568,0.0,2060577117.518868,1359462000000.0,1369194400000.0,1359462000000.0,1359462000000.0,1359462000000.0,1338706004194.4575,265779223368.01315,1359462000000.0,16410277194.440464,1359462000000.0,1359462000000.0,0.0,0.0,88534075910.5133,1359462000000.0,30555105910.0,117195.0,3604.0,5067.0,-1463.0,8671.0,487.6935513209089,613.8566607930552,796.727054893958,772.0505164819203,"Sheboygan, WI",43100.0,2.5,2.4,2.2,2.3,2.2,2.1,2.0,2.0,1.9,1.9,1.9,2.0,2.0,2.0,2.1,2.2,2.3,2.3,2.3,2.3,2.3,2.3,2.4,2.4,2.6,2.8,2.9,2.9,2.8,2.8,2.7,2.6,2.6,2.5,2.4,2.4,2.5,2.6,2.6,2.7,2.8,3.2,3.7
43300,"Sherman-Denison, TX",Texas,0.0,0.0,372671.4837993276,99457.65103262175,163769.79032903948,1743540.976986514,2908.5939703096574,213379.31421530768,17399.9999999996,117043.1128824658,1078349.921137178,348642.3827113997,6250203.724233076,0.0,0.0,27900.59446973385,222175.7211843795,0.0,0.0,4440.954479494277,448555.3,2947104.919317261,661.6746404627883,180286.05713004665,17576.909516600426,4499.999999999992,40367.927899129056,1850104.2682296927,329738.8600009705,1450317.1262147347,0.0,0.0,1951122.3200917093,327885.51053797133,0.0,0.0,1571230128104.188,1572298800000.0,1571231600000.0,1571230128104.188,1565868635550.4023,1570792493406.6687,76053419164.6029,1571231600000.0,33014284278.18757,1571231600000.0,1571231600000.0,0.0,0.0,274562651674.1824,1571230128104.1882,25590297425.0,135451.0,8924.0,5953.0,2971.0,14877.0,1038.1892890990543,737.9491852424528,1255.412681153094,1292.5706943916066,"Sherman-Denison, TX",43300.0,3.0,3.1,3.3,3.2,3.0,2.8,2.8,2.5,2.3,2.2,2.1,2.0,2.1,2.1,2.0,2.0,2.0,2.0,2.0,2.0,2.0,2.1,2.1,2.2,2.2,2.2,2.2,2.1,2.2,2.2,2.2,2.2,2.2,2.3,2.4,2.6,2.8,3.1,3.3,3.4,3.4,4.0,4.3
43340,"Shreveport-Bossier City, LA",Louisiana,0.0,0.0,0.0,570270.7360757639,346186.0052063698,27518843.98772244,106398.31301833763,889798.7127659371,69599.99999999334,1884084.5069462075,19542326.53039173,3365932.6184578706,4850401.286007113,0.0,0.0,6235.781187319423,139309.8650826865,0.0,0.0,0.0,1799899.8,109223.16127300511,3021.345847676156,4765612.380201572,2123680.55833639,17999.999999999978,228093.01001784275,2024440.156376249,3643544.052902089,6774564.817115354,0.0,0.0,132069.38936719604,24530.50092357788,0.0,0.0,0.0,4992326800000.0,4986816800000.0,4986816800000.0,4986191372373.291,4985621932998.729,356103983331.25665,4986816800000.0,545346673429.6882,4986816800000.0,4986816800000.0,0.0,0.0,426738436594.113,4986816800000.0,74160003790.0,429898.0,11584.0,16571.0,-4987.0,28155.0,1767.4484433781938,1456.1061087709234,2352.2655037218906,2226.2055161193,"Shreveport-Bossier City, LA",43340.0,3.5,3.5,3.4,3.4,3.3,3.1,3.1,3.0,2.8,2.7,2.7,2.6,2.6,2.6,2.6,2.5,2.6,2.5,2.7,2.6,2.5,2.6,2.7,2.9,3.1,3.4,3.5,3.5,3.5,3.6,3.8,3.8,3.7,3.9,3.7,3.8,4.1,4.1,4.0,4.0,4.0,4.3,4.6
43420,"Sierra Vista-Douglas, AZ",Arizona,0.0,0.0,197.72716533410653,357476.47697588085,702.4469956347161,622052.901461218,201.703496010578,0.0,61677.70689144482,1360825.7258962227,1977731.6697556395,35773.54617028272,13156.869131836973,0.0,0.0,1767.80632224772,15365.015179310913,0.0,0.0,253.06969226968056,1419005.7,73.59317277038393,0.04432770091465,40475.95207836194,0.0,13142.796978328332,8472.163406142934,292200.2759355529,161514.55097913815,31488.633702839343,0.0,0.0,6222415.816889759,95.4250217872982,0.0,0.0,9372800000.0,1455185200000.0,1451960400000.0,1417866684190.61,1451661146501.1252,0.0,95397184506.26712,1451960400000.0,122209413978.60368,1451960400000.0,1451960400000.0,0.0,0.0,93358326264.3289,1451960400000.0,24327889555.0,125169.0,10900.0,11387.0,-487.0,22287.0,1054.5311754519162,1312.6298031052015,1721.9712541154686,1644.1103977531436,"Sierra Vista-Douglas, AZ",43420.0,2.6,2.6,2.5,2.6,2.6,2.7,2.9,2.9,2.8,2.7,2.6,2.5,2.4,2.4,2.5,2.5,2.6,2.6,2.6,2.6,2.7,2.8,2.8,2.8,3.0,3.4,3.6,3.4,3.1,2.9,2.9,2.9,3.1,3.2,3.3,3.6,3.7,3.6,3.6,3.8,3.9,4.2,4.8
43580,"Sioux City, IA-NE-SD",Iowa,0.0,0.0,902796.818567091,14065.95832011632,2297.5396775834315,926026.190292066,0.0,174416.2275821435,90159.89185222377,238607.7026361501,1084759.6356479689,1279623.3422335703,14102294.549646964,0.0,0.0,9680.884533738004,483931.8996454679,0.0,0.0,1253.0548939631624,64777.2,1661383.1021591497,75241.45216321721,0.0,59871.31232308436,142051.03075537304,5617.070052958236,1881628.0363456656,3274429.5004394506,10483223.936321389,0.0,0.0,919319.9705288818,44397.22601187085,0.0,0.0,2035661517022.796,2037400800000.0,2035684000000.0,2035661517022.796,0.0,2035479420580.0789,647684548760.5629,2035684000000.0,40754374427.12742,2035684000000.0,2035684000000.0,0.0,0.0,183180357200.286,2035661517022.796,37275807496.0,175490.0,6065.0,8078.0,-2013.0,14143.0,742.2998046611625,884.6055618183734,1151.7807951168486,1157.8933456929442,"Sioux City, IA-NE-SD",43580.0,2.3,2.2,2.1,2.1,2.0,2.0,1.9,1.8,1.7,1.7,1.7,1.7,1.7,1.8,1.9,1.9,2.0,2.0,2.0,2.0,2.0,2.1,2.2,2.2,2.2,2.1,2.1,2.1,2.0,2.1,2.1,2.0,2.1,2.1,2.1,2.1,2.0,2.0,2.0,2.0,2.1,2.2,2.5
43620,"Sioux Falls, SD",South Dakota,0.0,0.0,16620222.692654451,25088.26035423932,327994.5333550488,555330.2078616538,0.0,996218.3306696228,53885.8623465338,419875.8929973817,4053579.152722581,950349.2045090832,35465711.904087946,0.0,0.0,44885.63511021018,863708.0296141548,0.0,0.0,20734.37991673084,123607.5,9111108.99737733,84484.90632737652,0.0,218391.8937060311,14361.049416272932,95753.59067174104,2660564.0643253373,7692466.124373671,17302045.10322814,0.0,0.0,189188.1531409708,6757101.6474526,0.0,0.0,3205879946300.3354,3210068000000.0,3205880400000.0,3205879946300.336,0.0,3204736698631.1074,289273525108.57776,3205880400000.0,36755601467.83872,3205880400000.0,3205880400000.0,0.0,0.0,188589583490.94647,3205879946300.3354,72385458522.0,276369.0,13846.0,14132.0,-286.0,27978.0,1392.137924201478,1185.557252940574,1825.702330611428,1831.3391275239003,"Sioux Falls, SD",43620.0,2.7,2.5,2.5,2.4,2.5,2.4,2.4,2.3,2.2,2.1,2.0,2.2,2.3,2.3,2.4,2.4,2.4,2.4,2.3,2.3,2.4,2.5,2.6,2.7,2.8,2.8,2.8,2.7,2.7,2.6,2.7,2.7,2.7,2.8,2.8,2.8,2.9,3.1,3.3,3.3,3.3,3.5,4.1
43780,"South Bend-Mishawaka, IN-MI",Indiana,0.0,0.0,1231080.466220018,95382.80139194468,10416.281370457767,576137.9586449126,1245.904632822811,11887.633027703292,34800.0000000009,356441.56627732445,343022.2757005727,2598915.847517088,3800227.665706158,0.0,0.0,3317.9541589434184,223221.25106659543,0.0,0.0,1965.781472807,767757.9,115071.88754546962,7545.520372989295,163373.77649349635,5260.420271089003,8999.999999999996,168048.14023905067,545736.2507076296,787055.9910532483,4766587.984442976,0.0,0.0,40811.41091229103,21267.521146683503,0.0,0.0,3761056400000.0,3764211600000.0,3761056400000.0,3761056400000.0,3753144882369.086,3761051140723.028,353560603340.45386,3761056400000.0,31917213156.66436,3761056400000.0,3761056400000.0,0.0,0.0,506813739031.67694,3761056400000.0,64358408433.0,324229.0,16853.0,16657.0,196.0,33510.0,1234.797959181987,1457.9231804179533,1869.552887724763,1950.584784109627,"South Bend-Mishawaka, IN-MI",43780.0,1.9,1.9,1.9,1.8,1.8,1.8,1.8,1.8,1.8,1.9,2.0,2.0,2.1,2.0,1.9,2.0,2.1,2.1,2.1,2.1,2.0,2.3,2.2,2.2,2.2,2.3,2.2,2.1,1.9,1.9,1.9,1.9,2.0,2.1,2.2,2.4,2.3,2.4,2.4,2.5,2.6,2.9,3.3
43900,"Spartanburg, SC",South Carolina,0.0,0.0,0.0,815702.0758635035,269089.49552951456,65822.34716976807,66471.82678178714,472751.9027140541,38011.53926856292,1805111.1583770493,326089.0169286091,424093.225412186,3801269.5129379295,0.0,0.0,8277.977268338036,4325.968666058847,0.0,0.0,0.0,3789563.7,1704981.9598721038,453.9139765908865,3431067.5844688728,2774114.346720341,128768.20499873762,231130.7381210956,352716.93151976087,1540398.866796323,3860869.3678455153,0.0,0.0,81014.27587381385,2982.2789135818,0.0,0.0,0.0,4120795600000.0,4114195200000.0,315821600000.0,4109626847328.072,4114160994853.064,1277666205219.9065,4114195200000.0,17496214917.446114,4114195200000.0,4114195200000.0,0.0,0.0,414736456246.5136,4114195200000.0,69119538579.0,354672.0,17789.0,14039.0,3750.0,31828.0,1586.476599260134,1389.1472204197796,2128.780636890518,2087.6776571108862,"Spartanburg, SC",43900.0,2.4,2.5,2.5,2.4,2.3,2.3,2.3,2.2,2.2,2.1,2.2,2.3,2.4,2.3,2.3,2.3,2.5,2.6,2.6,2.6,2.6,2.9,2.9,2.9,2.9,3.1,3.2,3.1,3.1,2.9,2.9,2.9,3.0,3.1,3.0,3.1,3.1,3.2,3.3,3.5,3.7,4.0,4.6
44060,"Spokane-Spokane Valley, WA",Washington,369195.2183630804,0.0,3342932.171582337,1457941.0195797605,62992.60104337741,3436986.7052518968,0.0,860029.2525122934,126990.898696638,89016.21467821838,320162.9123375848,198705.5145516479,780776.0127502168,0.0,0.0,3714.398345245821,399997.3703509614,474.8380699525161,0.0,18953.609430046985,6070359.9,6225.663143742371,61265.50318688039,0.0,116061.68153791776,192710.5999661997,24018.230986129995,548071.3569680977,163179.4510183102,277132.2887228478,0.0,0.0,6997883.657437456,42872.26000797849,174000000.0,0.0,6942843600000.0,6950546000000.0,6942843600000.0,6942843600000.0,0.0,6932685510218.618,2301406388494.738,6942843600000.0,50623210655.63604,6942843600000.0,6942843600000.0,0.0,0.0,601064274855.2805,6942843600000.0,98855603228.0,598521.0,34899.0,24570.0,10329.0,59469.0,2322.913687591513,1864.704802374896,2994.538361751273,2964.0647766201064,"Spokane-Spokane Valley, WA",44060.0,2.8,2.6,2.4,2.3,2.5,2.4,2.3,2.2,2.1,2.0,2.1,2.3,2.7,2.9,3.1,3.1,3.1,3.0,2.9,2.9,2.8,2.8,2.8,3.0,3.2,3.8,4.2,4.3,4.1,3.8,3.7,3.5,3.6,3.6,3.7,3.8,4.0,4.0,4.1,4.3,4.8,5.7,6.2
44100,"Springfield, IL",Illinois,0.0,0.0,1292116.798107037,2418136.6867116205,157086.47910029883,2032824.773348171,301.822496934907,293286.6469758704,34799.99999999892,96807.49604900987,408637.1537589917,757382.6203625517,7170915.265481707,0.0,0.0,855.6870696017443,277698.88515848946,0.0,0.0,4763.816951201836,6152627.100000001,2299561.0863474063,23902.95927123433,73084.02048748854,1059711.8137429776,8999.999999999993,212646.8429553504,1511923.1482075984,1725049.9145736906,11237999.825216128,0.0,0.0,15663.091624065692,273927.2943555196,0.0,0.0,2418204341424.012,2420224000000.0,2418205600000.0,2418204341424.012,2418205600000.0,2418144213996.354,129172606645.18707,2418205600000.0,18942036039.471157,2418205600000.0,2418205600000.0,0.0,0.0,116950837063.64134,2418204341424.012,60814447175.0,208466.0,7374.0,8977.0,-1603.0,16351.0,752.0086435673462,945.516261097608,1198.5820789582997,1217.335615185886,"Springfield, IL",44100.0,2.6,2.6,2.3,2.2,2.2,2.1,2.1,2.1,2.1,2.1,2.1,2.1,2.1,2.2,2.2,2.3,2.3,2.2,2.2,2.1,2.0,2.1,2.1,2.2,2.2,2.3,2.2,2.2,2.1,2.2,2.4,2.3,2.2,2.1,2.1,2.2,2.3,2.2,2.1,2.3,2.3,2.1,2.2
44140,"Springfield, MA",Massachusetts,0.0,0.0,138485.11077463898,315386.1890474487,15787.843722666816,106197.98142933002,538469.2899217039,194104.52040917907,46124.81486398898,699347.2122778168,1793125.5960606048,504697.7843172455,1074052.883284332,0.0,0.0,10634.285041202123,125959.78869428328,0.0,0.0,2638.6975651197627,1218196.1,68446.87396039357,1.368859802768722,17412198.132757194,593893.0355317023,307453.18971855723,112134.96944037416,511152.1995854207,174848.8740482982,3652442.916475746,0.0,0.0,96201.23062847625,7536.773675078417,0.0,0.0,7277607500626.148,7286342800000.0,7277608000000.0,7277607500626.149,7269321247586.162,7276422748454.242,2908465288788.315,7277608000000.0,98365928646.6526,7277608000000.0,7277608000000.0,0.0,0.0,369527770837.2423,7277607500626.148,100707639592.0,627380.0,27750.0,23850.0,3900.0,51600.0,1576.7837518188726,1767.7007665326166,2438.9569491895504,2297.164774238017,"Springfield, MA",44140.0,2.6,2.7,2.9,2.8,3.0,3.2,3.5,4.0,4.3,4.2,4.0,3.9,3.8,3.6,3.4,3.3,3.1,3.0,2.9,2.9,3.0,3.1,3.4,3.7,4.1,4.4,4.4,4.2,3.9,3.6,3.8,3.6,3.5,3.7,3.7,3.7,3.6,3.6,3.7,3.7,3.9,4.5,4.9
44180,"Springfield, MO",Missouri,0.0,0.0,1148332.5979451956,2605465.2071773754,78521.60985733195,14525510.117745012,1257.3206201777534,163458.68083850452,87000.00000000163,2831599.07172792,1267774.7858801184,1677915.3919026228,12505523.34536251,0.0,0.0,46862.59866930591,340463.66276679176,0.0,0.0,209.87208950947343,7235494.8,246183.50648663144,3399.4758178471466,137292.37565124274,10277083.633300329,123000.00000000006,158343.62390058968,3156309.843927508,8817817.736365406,10413569.933905669,0.0,0.0,2555760.7278100834,126652.3966324443,0.0,0.0,5508712400000.0,5515011200000.0,5508712400000.0,5508712400000.0,5490714049790.412,5508126466518.676,943572312823.0604,5508712400000.0,49511898115.90318,5508712400000.0,5508712400000.0,0.0,0.0,246852213714.9831,5508712400000.0,89496940920.0,474889.0,24249.0,19252.0,4997.0,43501.0,1540.9685266091583,1400.6887591467278,2119.019112702856,2044.9330062376127,"Springfield, MO",44180.0,4.4,4.1,3.8,3.7,3.7,3.6,3.6,3.6,3.5,3.3,3.0,2.6,2.4,2.5,2.6,2.7,2.6,2.6,2.6,2.5,2.6,2.6,2.6,2.7,3.1,3.2,3.2,2.9,2.9,2.8,2.8,2.6,2.6,2.8,2.8,2.8,2.8,2.9,3.0,3.1,3.3,3.5,4.0
44220,"Springfield, OH",Ohio,0.0,0.0,19385.96395809505,198087.337244802,6337.446586017589,336878.41071051656,783.2003783282014,75878.13377015883,17400.000000000495,150520.6062490596,361248.2879501808,23169.44685168512,1055878.4772999985,0.0,0.0,2076.7892540754324,111635.54602647254,0.0,0.0,2331.774722854848,613477.4,8152.915436836733,681.6628118967632,67304.82443035021,1415468.3858283216,4499.999999999994,21601.32960267971,45533.775491411056,835540.0456485563,2352486.3886935557,0.0,0.0,24504.335206424214,52401.69219102726,0.0,0.0,1577365532875.2285,1577611600000.0,1577368000000.0,1577365532875.228,1576628401556.2349,1577240942726.4675,182056167209.77475,1577368000000.0,34983566253.888824,1577368000000.0,1577368000000.0,0.0,0.0,342920578005.02496,1577365532875.2275,26184456652.0,135980.0,6372.0,6260.0,112.0,12632.0,833.4458590694419,902.1817998607596,1169.275844272856,1284.1117552612,"Springfield, OH",44220.0,2.4,2.5,2.4,2.3,2.1,2.0,2.0,2.0,2.0,2.0,2.1,2.1,2.2,2.2,2.2,2.2,2.3,2.3,2.3,2.2,2.2,2.3,2.4,2.4,2.5,2.5,2.4,2.3,2.3,2.3,2.3,2.3,2.2,2.2,2.1,2.2,2.1,2.2,2.3,2.3,2.3,2.4,2.8
44300,"State College, PA",Pennsylvania,61532.536375386975,0.0,164141.3062260463,13902.260003941215,26753.496954916023,35135.57698720913,38554.608394938965,4250.5624785606,20185.353561815067,102115.84220231583,350367.22180475504,117753.25125087883,232280.02461140088,0.0,0.0,1016.5758523514608,100227.23910935424,79.13967830167745,0.0,696.0754362205184,58985.1,11369.18844393185,0.030944513383874,1803919.875017952,16791.29234157072,124437.75397373756,6687.11911462928,377509.85310144624,60194.65068912359,557138.5552152125,0.0,0.0,9798.291029612135,48124.44299355583,58000000.0,0.0,1834619756394.964,1834795200000.0,1834621200000.0,1716704061484.749,1834475667477.0764,1834621200000.0,760097566262.6576,1834621200000.0,43534350591.97772,1834621200000.0,1834621200000.0,0.0,0.0,139596966678.48312,1834619756394.964,30632330789.0,158157.0,18053.0,10681.0,7372.0,28734.0,1231.0357427792258,925.528497670385,1522.2010379710034,1558.9958306551048,"State College, PA",44300.0,2.9,2.8,2.7,2.6,2.5,2.5,2.6,2.7,2.8,2.8,2.7,2.8,2.9,3.0,3.1,3.1,3.0,3.1,3.0,3.0,3.1,3.3,3.4,3.6,3.7,3.9,3.9,3.8,3.7,3.8,3.7,3.7,3.6,3.6,3.5,3.5,3.5,3.6,3.8,3.8,3.8,3.9,4.2
44420,"Staunton-Waynesboro, VA",Virginia,0.0,0.0,57025.05146716419,40016.86775653813,39712.44278181946,278214.6038201744,61121.166425859454,463.4963595094873,52200.00000000111,313937.70681852417,328424.69597894285,863193.2230170709,362131.6771112265,0.0,0.0,5000.671357930893,84641.10366204933,0.0,0.0,243.1521630696465,177362.30000000002,46462.060800684136,0.051872762573647,2599255.037755441,23468.23537386265,113999.99999999978,24676.310284150444,1163174.5840269476,337870.8741053315,476666.63100241695,0.0,0.0,436767.5248125287,101846.71181702412,0.0,0.0,1454524000000.0,1455022800000.0,1454524000000.0,1454013600000.0,1453714010560.9146,1453747594496.361,685282055751.259,1454524000000.0,41318353434.73404,1454524000000.0,1454524000000.0,0.0,0.0,33049667793.198845,1454524000000.0,24064069542.0,125390.0,7570.0,5445.0,2125.0,13015.0,1002.5567315618604,752.9090250488434,1269.6897258779406,1237.237648958356,"Staunton-Waynesboro, VA",44420.0,3.2,3.1,2.9,2.9,2.7,2.7,2.6,2.6,2.7,2.7,2.7,2.8,2.9,2.9,2.9,2.9,2.8,2.8,2.8,2.7,2.8,2.9,3.0,3.2,3.4,3.9,4.3,4.5,4.4,4.4,4.2,4.1,4.0,4.0,4.0,4.0,4.0,4.0,4.0,4.1,4.1,4.4,5.1
44700,"Stockton-Lodi, CA",California,0.0,0.0,0.0,25492554.704220343,22766.797035120515,1536112.380336898,0.0,0.0,17400.000000001073,196292.1270496109,234125.53370842084,29288.16948995591,212985.6582880272,0.0,0.0,14579.058361302692,8070.166712218982,0.0,0.0,0.0,108431621.5,48530.31815595028,1246.7578540132774,0.0,0.0,4499.999999999993,41557.57360340077,219291.661473215,13971.090717401905,844656.14886144,0.0,0.0,746430.4761968419,916.787210566726,0.0,0.0,0.0,9039102800000.0,9030739200000.0,9030739200000.0,0.0,0.0,92900960435.76115,9030739200000.0,325414317183.95953,9030739200000.0,9030739200000.0,0.0,0.0,23810574726.885548,9030739200000.0,139591102790.0,778512.0,33253.0,31232.0,2021.0,64485.0,2446.093416041178,2212.8583325644686,3376.956618021617,3218.406748687928,"Stockton-Lodi, CA",44700.0,3.0,3.1,3.0,2.9,2.8,2.7,2.8,2.8,3.2,3.5,3.5,3.6,3.5,3.4,3.2,3.0,2.8,2.6,3.2,3.3,3.7,4.4,5.0,5.5,6.3,7.6,7.5,6.4,4.0,2.9,3.2,3.1,3.2,4.1,4.8,5.1,5.3,5.5,5.7,5.6,5.7,6.1,6.1
44940,"Sumter, SC",South Carolina,0.0,0.0,0.0,1155299.998203144,68257.56352020876,406928.96066436,275675.3204682006,55296.824903395296,17400.000000002066,483389.54192203016,162269.59753080725,1612624.7741269155,1181980.812390808,0.0,0.0,5339.387949803528,1160.6839838031287,0.0,0.0,0.0,2948363.1,115525.01626991328,5212.552265444953,12109058.86383813,747906.3014957476,4499.999999999995,109996.10086219324,5404.592582936592,634051.7937792458,1246411.2071294845,0.0,0.0,60648.68008845152,3287.011905247354,0.0,0.0,0.0,1224449600000.0,1223718800000.0,1223718800000.0,1223704365312.8416,1223718800000.0,40897456651.88205,1223718800000.0,36946620210.8059,1223718800000.0,1223718800000.0,0.0,0.0,45228003265.3804,1223718800000.0,22111423258.0,105493.0,6216.0,7422.0,-1206.0,13638.0,890.4173178908865,971.0602452989208,1293.1585362978508,1340.9302741007823,"Sumter, SC",44940.0,3.5,3.6,3.5,3.3,3.2,3.1,3.1,3.0,3.0,2.9,2.8,2.8,2.8,2.8,2.6,2.6,2.7,2.6,2.6,2.6,2.6,2.7,2.8,2.9,3.0,3.1,3.1,3.2,3.2,3.2,3.1,3.0,2.9,3.0,2.9,3.0,2.9,2.9,2.9,3.2,3.3,3.9,4.9
45060,"Syracuse, NY",New York,0.0,2457.582386681988,683381.333811474,237785.73353068088,26876.388143608216,814289.4031395394,42328.47065995703,343729.5751666916,78380.6016019608,1028050.875608696,908239.6264472092,1169317.1572365258,4717414.425633565,0.0,0.0,10094.440143131464,23404.816639314948,0.0,31875.70987822175,11746.589995778744,1128311.0,91261.5174937795,0.8909442059564069,2238924.3925305307,1492355.1693285117,287835.9602602164,37497.84770688118,3237106.9082180746,1925136.9052829435,1989061.8068669627,0.0,0.0,128602.23269737876,341750.45808991365,0.0,7058615442.280611,7678469200000.0,7679861200000.0,7678469200000.0,7678469200000.0,7664067651002.812,7671764211643.412,2125984054768.7495,7678469200000.0,175370501744.60675,7678469200000.0,7678469200000.0,0.0,0.0,633862723536.1472,7678469200000.0,127730731097.0,661937.0,25020.0,29406.0,-4386.0,54426.0,1372.6474419893843,1898.670587542768,2363.755909564268,2322.3218984456053,"Syracuse, NY",45060.0,2.4,2.4,2.3,2.2,2.3,2.3,2.5,2.6,2.6,2.5,2.5,2.4,2.4,2.5,2.4,2.3,2.2,2.1,2.1,2.0,2.0,2.1,2.1,2.2,2.3,2.4,2.5,2.5,2.4,2.4,2.5,2.4,2.4,2.4,2.3,2.3,2.3,2.2,2.3,2.4,2.5,2.7,3.0
45220,"Tallahassee, FL",Florida,0.0,21373.80812449593,0.0,174391.21776888854,146846.1324481919,1333032.031923565,2300728.7305452423,0.0,69600.0000000137,780322.1408127986,819479.0756995667,690828.4031031721,15918341.786745995,0.0,0.0,210850.1451344132,97509.19497549218,0.0,133009.0329136138,0.0,410029.0,49360.2082543111,7935.274627573483,67493775.42593266,0.0,117055.67840087954,267766.5100348708,5253711.430420036,183499.59471822897,4957814.06012928,0.0,0.0,6735553.701005458,26546.056412131064,0.0,97132833725.24149,0.0,4457856800000.0,4453994000000.0,4453989768022.809,4453966999325.221,0.0,909808370617.1472,4453994000000.0,216314508508.9141,4453994000000.0,4453994000000.0,0.0,0.0,1165231647896.779,4453989768022.809,59761817013.0,383965.0,31936.0,24636.0,7300.0,56572.0,1833.8980342429077,1729.8595318695675,2600.625309420794,2438.6918624541318,"Tallahassee, FL",45220.0,3.8,3.7,3.8,3.7,3.5,3.3,3.2,3.1,3.0,3.0,2.9,3.1,3.1,3.2,3.3,3.3,3.5,3.4,3.3,3.2,3.3,3.5,3.7,3.6,3.9,4.0,4.1,4.0,4.3,4.2,4.1,3.7,3.7,3.8,3.8,3.8,3.9,4.0,4.2,4.1,4.3,4.6,5.2
45300,"Tampa-St. Petersburg-Clearwater, FL",Florida,0.0,1352040.3602042152,2714742.046838985,395075.0104801726,43427.915746709456,0.0,86090567.41507384,0.0,69600.00000000122,18586322.9500151,1896379.7091695056,617936.2677737146,90207548.74266852,0.0,0.0,30056.36194735047,0.0,0.0,2051992.0172904148,16767.64651171403,947951.8,87314.3530515253,0.0,958600969.2082392,0.0,118499.99999999984,1130999.6674599396,3090134.0928523717,198499.6077594809,35708038.47265639,0.0,0.0,14113514.756854964,0.0,0.0,8147071071605.128,36794847532546.2,36833190000000.0,36808168800000.0,0.0,36806165992351.36,0.0,878779135121.2357,36808168800000.0,6811554250119.27,36808168800000.0,36808168800000.0,0.0,0.0,2059320381747.8809,0.0,464558436874.0,3173118.0,147150.0,116383.0,30767.0,263533.0,4589.705981868556,4145.906776568909,6259.098337620204,6111.423647563634,"Tampa-St. Petersburg-Clearwater, FL",45300.0,3.2,3.2,3.4,3.2,3.1,3.0,3.0,2.9,2.8,2.7,2.7,2.6,2.6,2.6,2.6,2.5,2.5,2.5,2.5,2.5,2.9,3.2,3.4,3.6,3.9,4.7,5.1,4.6,3.8,3.0,3.0,2.7,2.9,3.3,3.3,3.5,3.9,4.2,4.3,4.2,4.5,5.2,6.2
45460,"Terre Haute, IN",Indiana,0.0,0.0,899390.5204099154,1093958.1266210712,78331.14553103872,2457584.664724092,872.7362149388923,126681.18470907897,69600.00000000044,517548.695810409,2882371.401302985,2021919.9730810127,2778399.5534011624,0.0,0.0,4403.501236816115,295871.9354014137,0.0,0.0,1741.3867378058726,4762137.9,1096420.8923242262,7152.4488889466975,130167.42243207432,175449.0992715286,17999.999999999985,33886.13943082509,2064300.313935736,420962.55581525655,3858048.101628341,0.0,0.0,46483.0804962876,309603.92573593115,0.0,0.0,1958358400000.0,1958950000000.0,1958358400000.0,1958358400000.0,1955865054169.1973,1957762822811.1675,260395972474.27145,1958358400000.0,74567611658.90335,1958358400000.0,1958358400000.0,0.0,0.0,718558643564.0493,1958358400000.0,34418416706.0,168824.0,10584.0,8481.0,2103.0,19065.0,872.8018102639338,917.2131704244111,1306.2978220911186,1223.870499685322,"Terre Haute, IN",45460.0,1.9,1.9,1.8,1.8,1.7,1.7,1.7,1.7,1.7,1.7,1.6,1.6,1.6,1.7,1.8,1.8,1.9,1.9,2.0,2.0,2.1,2.1,2.2,2.2,2.2,2.2,2.2,2.1,2.0,2.0,1.9,1.9,1.9,2.0,2.0,2.0,2.0,1.9,1.8,1.8,1.9,2.2,2.6
45500,"Texarkana, TX-AR",Arkansas,0.0,0.0,0.0,268984.86267011834,95422.00125803694,1226024.1946082215,3336.654825233913,149417.3135341607,52199.9999999883,147572.0241246696,1265925.732465258,1410744.660288649,6579689.893333798,0.0,0.0,17111.602671445606,57244.76977746079,0.0,0.0,0.0,883249.8,6503548.508371521,768.5992326713568,176396.64232838183,4383051.416727182,13499.999999999996,35924.833872646144,373341.5503551237,1495860.335752185,4383749.153357175,0.0,0.0,332924.5009493822,408427.2548087455,0.0,0.0,0.0,1711220400000.0,1709318000000.0,1709318000000.0,1704821827885.936,1709309330451.8652,51902195790.99293,1709318000000.0,62036877019.690025,1709318000000.0,1709318000000.0,0.0,0.0,135828031543.4422,1709318000000.0,25057384604.0,147355.0,5949.0,7233.0,-1284.0,13182.0,779.6582584696964,856.8955595637078,1113.0961324162438,1201.3300961850578,"Texarkana, TX-AR",45500.0,2.7,2.7,2.8,2.9,2.8,2.7,2.7,2.5,2.4,2.3,2.2,2.2,2.2,2.3,2.2,2.2,2.1,2.2,2.2,2.2,2.2,2.3,2.3,2.4,2.6,2.5,2.5,2.5,2.5,2.5,2.4,2.5,2.5,2.5,2.6,2.8,2.8,2.7,2.6,2.7,2.8,3.0,3.5
45540,"The Villages, FL",Florida,0.0,0.0,24274.596213511115,33466.67765641001,5800.658295807609,0.0,741419.1414271522,0.0,17399.99999999966,884381.7441706046,211136.15970708936,52082.01986033466,3060639.93328978,0.0,0.0,17033.447318414503,0.0,0.0,0.0,1448.3073264886348,93593.1,8331.327104054326,0.0,28866022.274426877,0.0,4500.000000000004,68296.46300000002,6782.223134418883,363895.8253799293,1660923.265799679,0.0,0.0,3583700.764175562,0.0,0.0,0.0,1504496800000.0,1505123200000.0,1504496800000.0,0.0,1504361053530.373,0.0,238886368093.5826,1504496800000.0,72109325691.63081,1504496800000.0,1504496800000.0,0.0,0.0,203447792870.48108,0.0,20821622783.0,129698.0,10512.0,7464.0,3048.0,17976.0,1331.0371895630865,1096.4319404322368,1739.603115655982,1709.1424750441374,"The Villages, FL",45540.0,3.2,3.1,3.1,3.0,2.9,2.8,2.8,2.8,2.8,2.9,2.9,2.9,3.1,3.1,3.1,3.1,3.1,3.1,3.3,3.3,3.5,3.6,3.7,3.6,3.7,3.9,4.2,3.7,3.3,3.3,3.4,3.4,3.5,3.8,4.1,4.6,5.0,5.2,5.2,5.4,5.3,6.0,7.6
45780,"Toledo, OH",Ohio,0.0,691.4352213585704,406914.8792050721,359710.456544726,26953.070839599102,890132.2515030669,4772.660484551061,6550.568554684397,41288.68807430427,184225.18595468855,2380953.1269028587,1756491.9733294433,9455124.194539111,0.0,0.0,7302.16209966014,191895.99068002545,0.0,85149.71308120296,20964.27927671056,1568416.3,1092435.8978800112,12465.26595967407,470837.6817621172,467310.3067258289,9738.426758903608,77388.0689297827,2210637.2136306763,2735519.784500056,14550128.512609089,0.0,0.0,90230.56805526152,361995.0651434792,0.0,51824735049.02042,7030991245308.06,7032384000000.0,7030992000000.0,7030991245308.06,6991017282468.806,7026958024069.604,149436724239.49585,7030992000000.0,170129941059.82727,7030992000000.0,7030992000000.0,0.0,0.0,1207841786991.3362,7030991245308.06,127893558303.0,606120.0,26551.0,24714.0,1837.0,51265.0,1680.183323331118,1750.7347029176065,2446.498722664698,2406.5620706726017,"Toledo, OH",45780.0,2.5,2.5,2.4,2.2,2.1,1.9,2.0,2.0,2.0,2.1,2.1,2.3,2.4,2.3,2.2,2.2,2.4,2.4,2.5,2.5,2.6,2.7,2.7,2.7,2.7,2.7,2.5,2.4,2.1,1.9,1.9,1.8,1.9,1.9,2.0,2.2,2.4,2.4,2.4,2.4,2.7,2.9,3.1
45820,"Topeka, KS",Kansas,0.0,0.0,468708.75454699545,109556.50400072632,172223.39448479298,1095527.3588578664,0.0,927779.083225716,87000.00000000442,1130609.9501116013,1036033.2875621016,1082275.3551490672,9604667.597074077,0.0,0.0,29509.39219855667,1668569.3770114828,0.0,0.0,225.37633993661763,379389.0,801072.530753162,192738.0124539293,0.0,4018.904952786797,22499.99999999999,136717.97105171485,1661332.2530287988,1729968.0056376073,6981518.950171321,0.0,0.0,1239704.521962198,309333.917807192,0.0,0.0,2703097625167.548,2704563200000.0,2703101600000.0,2703097625167.548,0.0,2702957232025.1714,251523914276.81723,2703101600000.0,106283524615.6088,2703101600000.0,2703101600000.0,0.0,0.0,309292625387.76697,2703097625167.548,45945576145.0,233026.0,9027.0,10309.0,-1282.0,19336.0,873.076743476769,1018.5661490546404,1379.1171088779952,1303.6782578535242,"Topeka, KS",45820.0,2.7,2.6,2.3,2.3,2.2,2.1,2.1,2.0,2.0,1.9,1.9,1.9,2.0,2.0,1.9,1.9,2.0,2.0,2.0,2.0,1.9,2.1,2.1,2.3,2.3,2.3,2.4,2.4,2.2,2.3,2.3,2.2,2.2,2.1,2.1,2.2,2.2,2.3,2.3,2.3,2.5,2.9,3.1
45940,"Trenton, NJ",New Jersey,0.0,81528.81854442392,0.0,282515.49907481245,126352.75709039278,5690843.790399456,514975.0268636355,206919.71240032304,17400.000000000193,379737.5091886643,2261463.480790691,3802343.6675207033,1847057.700915021,0.0,0.0,5706.75086817389,564420.6585071563,0.0,1961291.5299842595,0.0,1282181.6,98170.4800517602,0.098952367544979,20166889.551039856,41916.967464755566,104999.99999999988,126357.9335823318,7895021.532304382,10172415.869393716,1605804.1963490443,0.0,0.0,504708.15086818655,52550.65513739675,0.0,1000641321.9490705,0.0,4493144000000.0,4483202800000.0,4483202800000.0,4477762693343.772,4474218855716.623,357024688344.494,4483202800000.0,107954692690.69452,4483202800000.0,4483202800000.0,0.0,0.0,106122913778.49194,4483202800000.0,82465380289.0,386483.0,23520.0,22975.0,545.0,46495.0,1656.790572160525,1828.637470905592,2540.887443394532,2392.1732796768715,"Trenton, NJ",45940.0,3.1,3.0,2.9,2.8,2.9,3.0,3.4,3.9,4.0,3.7,3.4,3.3,3.1,2.9,2.8,2.7,2.7,2.7,2.6,2.5,2.6,2.8,3.0,3.5,3.7,3.9,4.2,4.3,4.0,3.5,3.5,3.3,3.5,3.5,3.6,3.4,3.3,3.2,3.1,3.2,3.5,4.0,4.1
46060,"Tucson, AZ",Arizona,0.0,0.0,80.85552087331304,3613610.234358388,7143.896819570846,10435579.42830282,394.0828063896672,0.0,19134.771491660325,2407590.1863049576,5050011.451923439,229403.88191198476,158632.8926952187,0.0,0.0,8336.333125101779,156557.19551198356,0.0,0.0,21.584694081871607,11438616.2,22851.52889549733,0.229266426872317,72125.81350456455,0.0,129008.5949460122,57843.11875198955,1506875.3828414304,159748.8237708872,450022.870636304,0.0,0.0,39435963.98197622,1725.889123979356,0.0,0.0,2807200000.0,12103822800000.0,12095505600000.0,12094658800000.0,12093729048097.648,0.0,782872464993.6942,12095505600000.0,302321933259.4563,12095505600000.0,12095505600000.0,0.0,0.0,1716485035081.1755,12052133200000.0,158375022895.0,1042716.0,61136.0,45015.0,16121.0,106151.0,2923.2425489514208,2689.355313081557,3927.4543918421255,4015.361876593441,"Tucson, AZ",46060.0,3.3,3.3,2.9,3.0,2.8,2.9,2.9,2.9,2.9,2.9,2.9,2.9,3.0,3.1,3.2,3.2,3.3,3.2,3.2,3.2,3.2,3.3,3.8,4.0,4.3,5.4,5.5,5.3,4.5,3.8,3.4,3.0,3.3,3.7,3.8,3.9,3.9,4.1,4.1,4.3,4.6,5.4,6.0
46140,"Tulsa, OK",Oklahoma,0.0,0.0,1687161.873843148,1183909.0859946848,308766.67274268315,69398115.13600077,5355.036515885047,145349.78201584957,121799.99999999972,1781776.1622423218,4813453.889542146,6143498.003884316,42225346.98928352,0.0,0.0,568511.1727200507,677861.7255472036,0.0,0.0,30270.185815204957,3685621.2,10655497.974305924,56181.75508064788,429673.7459892199,23300346.53013947,132000.00000000006,387893.0661760668,943101.0611710628,1943654.7987018009,12714908.561926382,0.0,0.0,14528935.06886157,3847223.852464152,0.0,0.0,11757937743646.771,11777839600000.0,11757992000000.0,11757937743646.771,11757271087250.89,11756591021256.146,1531050371217.7395,11757992000000.0,298115082936.7556,11757992000000.0,11757992000000.0,0.0,0.0,787249203723.9867,11757937743646.771,167463923185.0,1013620.0,36790.0,36473.0,317.0,73263.0,1833.025913619336,2347.9039588535134,2989.559833821695,2968.685230872414,"Tulsa, OK",46140.0,3.0,2.9,3.1,3.1,2.9,2.8,2.8,2.7,2.4,2.4,2.3,2.2,2.3,2.3,2.3,2.4,2.5,2.4,2.4,2.5,2.6,2.7,2.7,2.8,2.8,2.9,3.0,2.9,2.8,2.8,2.9,2.8,2.8,2.9,2.9,2.9,2.9,3.0,3.0,3.0,3.3,3.7,4.0
46220,"Tuscaloosa, AL",Alabama,0.0,0.0,0.0,1042843.9052470584,40200.28462477368,3601739.124342623,84830.79673043008,63910.17726404016,54730.35859560738,755126.2978232787,1761201.8777511106,742059.8371791511,9789873.285951214,0.0,0.0,3459.165755416508,63495.57365622822,0.0,0.0,0.0,3665220.9,180579.1191583896,8696.26522146906,3690387.345223771,3170.444688766943,133282.20365244144,97770.3677051726,63943.451800004565,420796.7440524198,9424033.589671258,0.0,0.0,25940.954330819917,14114.732100979823,0.0,0.0,0.0,3026950400000.0,3022368400000.0,3022368400000.0,3022292146922.0503,3021883441759.521,1135422828410.02,3022368400000.0,87306350789.33667,3022368400000.0,3022368400000.0,0.0,0.0,216890089544.3193,3022368400000.0,43037381657.0,260549.0,16664.0,11603.0,5061.0,28267.0,1243.722637889976,1125.09866234033,1748.3843970934995,1602.4163004662678,"Tuscaloosa, AL",46220.0,3.7,3.5,3.3,3.3,3.3,3.2,3.2,3.2,3.2,3.0,2.9,3.0,3.0,3.1,3.2,3.3,3.4,3.4,3.4,3.3,3.4,3.6,3.6,3.7,3.8,3.9,4.0,3.8,3.7,3.7,3.6,3.5,3.5,3.4,3.4,3.6,3.5,3.5,3.5,3.6,3.7,4.0,4.7
46340,"Tyler, TX",Texas,0.0,0.0,0.0,119268.11688649404,9519.700797590058,1622763.0884483997,26436.051089234017,279978.00296024414,17400.000000000015,111090.41506839146,49416.80024585768,126939.55816540544,393920.1234772716,0.0,0.0,68135.14889764227,685874.064573938,0.0,0.0,0.0,395003.3,29016.79792267681,1359.448457158611,1147816.6516071383,2508.2258468523123,4499.999999999974,55322.45910858263,19897.08059602559,189917.3978323208,422372.7683798569,0.0,0.0,515385.1197032479,1257999.1045177283,0.0,0.0,0.0,2708356400000.0,2705734800000.0,2705733334988.4404,2700900746872.7466,2705551030058.233,339022581138.6609,2705734800000.0,33756236407.988068,2705734800000.0,2705734800000.0,0.0,0.0,187518412741.61447,2705733334988.4404,38136032941.0,233253.0,13312.0,12456.0,856.0,25768.0,1648.7783356170107,1205.4824760236045,2077.281877839404,2006.621289630906,"Tyler, TX",46340.0,3.0,3.0,3.1,3.0,2.9,2.9,3.0,2.8,2.6,2.5,2.6,2.6,2.6,2.6,2.7,2.6,2.6,2.6,2.5,2.5,2.5,2.6,2.7,2.8,2.9,3.0,3.0,3.0,2.9,3.0,2.9,2.8,2.7,2.8,3.0,3.1,3.1,3.2,3.3,3.3,3.4,3.8,4.5
46520,"Urban Honolulu, HI",Hawaii,0.0,6312.763800103183,0.0,6706517.884888461,2751.623087190761,0.0,272931.45605617715,509486.57115792,43017.57395647463,0.0,341459.6585032992,7621.006889616622,207200.23468476767,2273.4077874442405,0.0,2056659.8514252803,0.0,0.0,1331398.4577311235,0.0,24235249.3,10171.71599901176,0.0,11106239.908081437,12891.258405062066,10891.48538793495,0.0,6930741.0961521845,186.1172086194332,414385.33441640815,1146261.9255753676,0.0,15622866.873443715,0.0,0.0,1168830537271.5503,0.0,11791492800000.0,11757992000000.0,0.0,11757992000000.0,11757992000000.0,138598764680.0955,0.0,915538551544.5815,11757992000000.0,11757992000000.0,1954454895804.6785,0.0,558110264239.2227,0.0,147031586496.0,1013620.0,41553.0,56164.0,-14611.0,97717.0,2346.807405817529,3190.821054211596,3959.930049887245,3961.269745927434,"Urban Honolulu, HI",46520.0,5.5,4.8,5.4,5.4,5.3,5.3,5.2,5.3,5.8,6.6,8.1,7.4,7.3,7.4,7.5,7.2,6.9,6.3,5.9,5.6,5.4,5.4,6.0,6.6,7.6,9.1,9.3,9.0,8.6,8.2,8.8,8.3,8.6,8.7,8.9,8.9,9.1,9.1,9.4,9.2,9.5,11.1,12.1
46540,"Utica-Rome, NY",New York,0.0,0.0,183670.109067795,140161.6268403964,40434.15648024443,131152.27588915636,18788.081208191117,236152.09658732224,61398.94242997162,604008.0065069455,1270340.469790168,240693.8548275423,2128529.8686974505,0.0,0.0,314.74564721494016,15187.628212694506,0.0,0.0,6172.782787495032,678485.9,52493.19754154119,0.387241974884694,932915.9391671984,949325.6526014472,348381.3690633509,47380.56667165332,6621460.045197521,515034.63467570615,576558.5097524278,0.0,0.0,61444.97077599091,43186.33912343703,0.0,0.0,3388824000000.0,3390262400000.0,3388824000000.0,3360556076492.126,3376842484823.227,3386611433812.454,821022762741.2124,3388824000000.0,87126376203.02939,3388824000000.0,3388824000000.0,0.0,0.0,728185557430.5769,3388824000000.0,58059134909.0,292140.0,11016.0,9690.0,1326.0,20706.0,1291.6977200568251,1003.8939186985843,1634.3044392034185,1638.2493705171994,"Utica-Rome, NY",46540.0,2.0,1.9,2.0,1.9,2.1,2.3,2.5,2.7,2.7,2.6,2.6,2.6,2.6,2.6,2.4,2.3,2.2,2.1,2.1,2.1,2.0,2.2,2.2,2.3,2.4,2.5,2.5,2.5,2.5,2.4,2.4,2.3,2.4,2.3,2.3,2.2,2.2,2.1,2.2,2.2,2.3,2.5,2.8
46660,"Valdosta, GA",Georgia,0.0,0.0,3468.6164352519795,90307.96334148826,91462.1366848184,149520.6135667516,398067.8606053475,1064.5891381707863,44867.86581827047,1424710.0781365398,137520.01402137594,118253.91458504082,2900325.346092089,0.0,0.0,2278.107302832841,40960.25781708093,0.0,0.0,13.781096571885302,343336.0,181186.6594417073,1021.4770909999072,14118058.310585912,1202.8857363123316,9999.109725344118,33426.4790611701,876710.4628057645,142070.48219310775,883716.8443443163,0.0,0.0,421261.6635195929,18045.97612068269,0.0,0.0,42850400000.0,1718261600000.0,1716475200000.0,1716475200000.0,1716441360363.4795,1716475200000.0,75593414669.78435,1716475200000.0,23809500232.144794,1716475200000.0,1716475200000.0,0.0,0.0,232733458433.01276,1716475200000.0,25635831671.0,147972.0,8747.0,8018.0,729.0,16765.0,1192.7803653648898,1213.3820503040251,1728.6838924453482,1674.777597175219,"Valdosta, GA",46660.0,3.4,3.5,3.4,3.3,3.2,3.2,3.2,3.1,3.1,2.9,2.8,2.8,2.8,2.7,2.7,2.7,2.8,2.8,2.8,2.9,3.0,3.1,3.2,3.3,3.3,3.4,3.5,3.6,3.5,3.6,3.7,3.6,3.5,3.4,3.6,3.7,3.6,3.7,3.7,3.6,3.6,4.3,5.3
46700,"Vallejo-Fairfield, CA",California,0.0,19952.188369303178,0.0,35189784.24169758,4561.924282122268,2756269.584395719,0.0,0.0,17400.000000000007,191816.91750437103,420097.2554046352,17774.452240709892,143819.77322856864,41.53735143760152,0.0,342.80884295558707,4686.051724457709,0.0,660827.6077061362,0.0,122314666.0,3428.9083008144657,687.8538469286256,0.0,0.0,105000.00000000004,14025.592209746184,605173.9719974131,5079.883689327057,505911.137771206,112.62655660103468,0.0,1519591.9542842875,539.0655946473322,0.0,96283512041.58122,0.0,5260495600000.0,5252862800000.0,5252267222948.264,0.0,0.0,1110911918897.6428,5252862800000.0,241407473612.55548,5252862800000.0,5252862800000.0,2788094217.125416,0.0,94386818419.46794,5249395513751.857,82196194897.0,452833.0,28047.0,24593.0,3454.0,52640.0,2058.562605314689,1842.1503738837391,2840.8968654282403,2681.29353111516,"Vallejo-Fairfield, CA",46700.0,3.7,3.7,3.4,3.2,2.9,2.8,3.0,3.1,3.5,3.9,3.8,3.8,3.6,3.4,3.4,3.3,3.0,2.9,3.0,2.9,3.4,4.0,4.5,5.1,6.0,7.2,7.1,6.1,4.1,3.0,3.2,2.9,3.1,4.1,4.7,4.9,5.2,5.2,5.4,5.3,5.7,6.4,6.6
47020,"Victoria, TX",Texas,0.0,102.33792072512728,260182.2826605849,5996.969823560347,69379.638777667,0.0,1164559.8845017594,155534.45891689305,4042.148527410314,440509.31445854506,2988953.86421264,110606.2359470986,3365820.8504306404,0.0,0.0,3310.2175165977524,101939.7642480281,0.0,18678.756928983268,7994.102799965443,20914.9,35223.23500194996,0.0,31984854.089427896,49077.36648738737,1304.704518702055,9586.555106232754,1297133.1539783976,43583.747535668575,1051315.4840368931,0.0,0.0,515562.7673684976,26455.20141307877,0.0,42479023.3500496,1139409842357.9722,1140639600000.0,1139410000000.0,0.0,1139361999258.3848,1139018196311.1694,808429705.4820628,1139410000000.0,45501877846.27065,1139410000000.0,1139410000000.0,0.0,0.0,81909416979.44771,1139409842357.9722,18425096251.0,98225.0,4425.0,4602.0,-177.0,9027.0,717.9366267296857,795.0377349535053,1094.4400394722409,1047.8578147821393,"Victoria, TX",47020.0,2.5,2.4,2.5,2.6,2.6,2.6,2.7,2.6,2.4,2.3,2.2,2.2,2.2,2.2,2.2,2.1,2.1,2.0,2.0,2.0,2.1,2.2,2.3,2.3,2.3,2.3,2.3,2.3,2.4,2.4,2.4,2.3,2.4,2.4,2.5,2.5,2.4,2.6,2.6,2.6,2.7,3.0,3.5
47220,"Vineland-Bridgeton, NJ",New Jersey,0.0,223334.9529576632,0.0,106894.46490819853,545.9503308880022,963012.7368706588,341224.64669238514,38183.06547273997,17399.999999999807,344613.2316922423,24321.007948056867,7277.275879183946,516935.7184223696,0.0,0.0,26347.055486096564,13281.157138142036,0.0,19711626.93661175,0.0,338590.8,16589.34446220066,0.025061469290833,11752482.316647427,127115.80689035292,4500.000000000004,657.7161496198145,3016521.7274179608,1636818.069644571,562109.4451532855,0.0,0.0,1328754.489718229,136976.49564108183,0.0,84535357088.40712,0.0,1788163200000.0,1787420800000.0,1787420800000.0,1787395002754.6726,1787158476295.56,65383313244.64324,1787420800000.0,38540551738.230415,1787420800000.0,1787420800000.0,0.0,0.0,154604575161.251,1787420800000.0,28962098200.0,154088.0,6483.0,8322.0,-1839.0,14805.0,863.6405502290869,970.0010309272872,1329.0601942726296,1266.975927158839,"Vineland-Bridgeton, NJ",47220.0,2.0,2.0,1.9,1.9,2.0,2.1,2.4,2.6,2.6,2.4,2.4,2.4,2.4,2.4,2.4,2.3,2.3,2.3,2.3,2.3,2.3,2.4,2.7,2.9,3.1,3.5,3.8,3.9,3.8,3.4,3.3,3.2,3.3,3.3,3.3,3.3,3.2,3.3,3.2,3.2,3.2,3.7,4.3
47260,"Virginia Beach-Norfolk-Newport News, VA-NC",Virginia,0.0,2805936.736440882,0.0,461012.9584997161,325176.6697766107,6237225.777827846,11010042.516293844,81585.69716780474,269827.52994178486,3303994.075694676,13546018.092193931,2033053.1456829973,12342700.752893794,0.0,0.0,45456.71533038696,407310.8832105846,0.0,39781356.69929906,0.0,1603705.9,738350.7014216082,4540.834508936868,220372891.73120344,2025371.98141644,68399.20756788662,149027.75725008984,6301145.73162684,341298.52682386595,8561982.766079428,0.0,0.0,386459.00195656565,11599.459266074347,0.0,3532804386446.3096,0.0,20452458800000.0,20437378800000.0,20436682800000.0,20436489752144.797,20407945266999.914,1342049826729.8562,20437378800000.0,1788913247269.3489,20437378800000.0,20437378800000.0,0.0,0.0,3136359998225.9478,20436682800000.0,251822069366.0,1761843.0,97599.0,88637.0,8962.0,186236.0,3609.864401885478,3568.436352241693,5197.792512211314,4951.84985636681,"Virginia Beach-Norfolk-Newport News, VA-NC",47260.0,2.8,2.7,2.6,2.6,2.7,2.7,2.7,2.7,2.7,2.7,2.6,2.8,2.8,2.9,3.0,2.9,2.9,2.7,2.7,2.6,2.6,2.6,2.8,2.9,3.3,3.8,4.3,4.3,3.9,3.6,3.6,3.2,3.3,3.3,3.3,3.4,3.4,3.5,3.5,3.5,3.7,3.9,4.2
47300,"Visalia-Porterville, CA",California,61532.536375386975,0.0,0.0,6748750.656223128,108197.0661152488,18659251.672528338,0.0,0.0,78737.63282486064,141776.80950623308,732742.9541606086,12971.492149107236,81042.00430525791,0.0,0.0,9581.276299741645,3839.2668256359498,79.13967830167745,0.0,0.0,27578259.8,4661.89153767178,3.113904769315843,0.0,0.0,22301.29331736766,1815.487813099422,2091587.774923819,8078.964995890349,305602.76919975167,0.0,0.0,6142321.611125161,344.8851718809614,58000000.0,0.0,0.0,5488157200000.0,5481986000000.0,5481985141717.275,0.0,0.0,149213644211.26273,5481986000000.0,790742508660.7827,5481986000000.0,5481986000000.0,0.0,0.0,130709798008.7076,124661247626.71838,74473680893.0,472585.0,11274.0,13044.0,-1770.0,24318.0,1527.8223064217907,1706.9923842829528,2287.0881049928967,2294.3046876995218,"Visalia-Porterville, CA",47300.0,2.8,2.9,2.8,2.8,2.7,2.7,2.8,2.8,3.2,3.5,3.4,3.6,3.7,3.6,3.5,3.4,3.1,2.8,2.6,2.5,2.5,2.5,3.2,3.6,4.4,5.8,5.9,5.2,4.1,3.0,3.1,2.8,3.1,3.6,4.1,4.2,4.5,4.6,4.5,4.3,4.5,5.5,6.0
47380,"Waco, TX",Texas,0.0,0.0,762748.646329979,48254.98165936591,230948.4133643508,2477016.204586586,52184.54572913596,64870.976639934925,21621.330637722134,526296.7291299201,1743550.5785438386,172971.50418059702,21229177.8990724,0.0,0.0,4981.0465644702645,716350.3757199296,0.0,0.0,9272.629458583264,153491.2,65486.222152094895,1270.5738801564612,2589143.1324886107,12416.063749484552,5420.868105513094,30674.240123734045,126681.83671542924,552991.1665112525,5287993.916870252,0.0,0.0,1290211.5744508011,22637.67963577586,0.0,0.0,3215844800000.0,3219545200000.0,3215844800000.0,3215844800000.0,3214873493877.4126,3215757031808.22,194486650272.10297,3215844800000.0,96883057325.53592,3215844800000.0,3215844800000.0,0.0,0.0,322778288251.97217,3215844800000.0,53432022176.0,277228.0,18628.0,14260.0,4368.0,32888.0,1514.4295955903665,1541.555707718667,2132.0680101722837,2189.9365287605942,"Waco, TX",47380.0,2.7,2.8,2.9,2.9,2.8,2.8,2.8,2.7,2.5,2.5,2.5,2.4,2.4,2.4,2.3,2.3,2.3,2.2,2.2,2.2,2.2,2.3,2.5,2.5,2.6,2.7,2.6,2.6,2.6,2.7,2.7,2.7,2.7,2.7,2.8,2.9,2.9,3.1,3.3,3.3,3.2,3.4,3.9
47460,"Walla Walla, WA",Washington,184597.60916308043,0.0,273339.87130286684,1359650.7695593317,7218.462358609085,2542642.3144504223,0.0,341609.3599990304,37039.91230906441,17181.922211386966,61116.346878011,58711.18312519655,52002.94154747095,0.0,0.0,58.570149846539145,27199.201203471726,237.4190349525161,0.0,1007.2827937964636,3640375.1,1524.350830378217,8607.752591617931,0.0,259.85864291048466,9376.500495466717,2914.725334183679,168059.04155972644,126160.02334921336,25145.25063165919,0.0,0.0,318166.8721210449,969.8068971047726,116000000.0,0.0,771423200000.0,771817600000.0,771423200000.0,771423200000.0,0.0,771423200000.0,87250949539.37447,771423200000.0,19591032889.88468,771423200000.0,771423200000.0,0.0,0.0,50278031733.90728,771423200000.0,12222496278.0,66502.0,6037.0,5026.0,1011.0,11063.0,757.5156764054458,816.23219735563,1095.937041987358,1130.334021429064,"Walla Walla, WA",47460.0,2.6,2.5,2.3,2.2,2.0,2.0,1.9,1.9,1.8,1.9,2.2,2.3,2.5,2.7,3.0,3.2,3.1,3.1,3.1,3.0,3.1,3.3,3.4,3.6,4.0,4.4,4.8,5.0,5.1,5.0,4.7,4.6,4.5,4.5,4.5,4.4,4.5,4.5,4.5,4.5,4.6,5.1,5.9
47580,"Warner Robins, GA",Georgia,0.0,0.0,0.0,264981.1753294013,210514.6111198626,968604.8662564876,108843.47241656904,16682.022640185864,52199.99999999338,867088.4424973344,196138.33336853827,74877.1223637879,1944971.2939039103,0.0,0.0,6229.52475071034,89331.99163488465,0.0,0.0,0.0,1061667.2,487020.3464298652,7119.174397472747,4597461.656982806,586085.1544825273,13499.99999999997,140473.68729125534,44328.578258121765,137266.59652982597,2412986.7201113384,0.0,0.0,52676.31552684504,17468.983247507473,0.0,0.0,0.0,2337040400000.0,2325463600000.0,2325462079289.764,2325368397210.584,2325218969405.4287,255475139411.39413,2325463600000.0,27921342399.082687,2325463600000.0,2325463600000.0,0.0,0.0,966122828083.1584,2325462079289.764,33072385659.0,200471.0,10767.0,12037.0,-1270.0,22804.0,1363.4713051619383,1546.5309566898427,2132.16509679715,1989.5542214275035,"Warner Robins, GA",47580.0,2.7,2.7,2.5,2.4,2.4,2.4,2.4,2.4,2.4,2.3,2.3,2.3,2.3,2.3,2.3,2.3,2.3,2.3,2.3,2.3,2.3,2.4,2.5,2.5,2.6,2.7,2.7,2.7,2.7,2.7,2.7,2.6,2.6,2.6,2.8,2.8,2.8,2.9,3.1,3.0,3.0,3.3,4.0
47900,"Washington-Arlington-Alexandria, DC-VA-MD-WV",Virginia,0.0,166688.5135200413,3539447.763853852,9117373.516567566,161006.29367412563,26073315.846305184,11445435.191877436,1126922.95692825,421674.79349070176,7598263.867993676,6922352.853462704,23479242.0332927,19256497.480123688,0.0,0.0,35504.87193854701,4455444.161625377,0.0,4915704.079399958,8536.585836161827,8111469.4,3664061.4086603047,67.6044802492861,290282377.52077585,255544.81979192735,1693751.6159370928,806114.3279237754,17201357.018277016,10383564.62722551,24345875.63913185,0.0,0.0,611725.9504410104,236164.28017112613,0.0,239997779285.5807,73796346969967.16,73907370000000.0,73796358000000.0,73796346969967.16,73733827636774.88,73485795443926.78,23930107757181.25,73796358000000.0,698749669448.7396,73796358000000.0,73796358000000.0,0.0,0.0,2775209925045.22,73796346969967.16,1285467540633.0,6361755.0,225060.0,270979.0,-45919.0,496039.0,5342.883210402413,6448.465011148002,8451.801878889495,8296.808844369021,"Washington-Arlington-Alexandria, DC-VA-MD-WV",47900.0,3.2,3.2,3.0,2.9,2.8,2.7,2.7,2.8,3.0,3.0,3.1,3.2,3.2,3.2,3.1,3.0,2.9,2.9,2.8,2.7,2.6,3.0,3.5,3.9,4.6,5.5,5.3,5.0,3.9,3.5,3.7,3.6,3.9,4.2,4.1,4.1,4.0,4.1,4.1,4.1,4.3,4.8,5.1
47940,"Waterloo-Cedar Falls, IA",Iowa,0.0,0.0,125032.31182375208,28456.73939309728,543547.4609240225,11542.829791507304,40.78395512000004,9285.444346727125,52200.00000000467,100686.5456808676,4901794.622654029,3097537.8275348344,4252975.318801258,0.0,0.0,2896.944332987838,1633888.8929689457,0.0,0.0,827.5557435517811,106995.0,1507642.0729284352,30052.1146315584,12599.76380343399,59108.58539675614,13499.999999999993,102780.8995455854,417364.3379821115,2406668.0118640917,6890408.589111131,0.0,0.0,28933.282989445943,478855.2307499014,0.0,0.0,1952778800000.0,1954147600000.0,1952778800000.0,1952778800000.0,1952778800000.0,1952778800000.0,127848166837.82973,1952778800000.0,61453722839.45432,1952778800000.0,1952778800000.0,0.0,0.0,324585719422.3179,1952778800000.0,35175870689.0,168343.0,9004.0,9566.0,-562.0,18570.0,909.4349894302504,976.8377552081,1363.4390342072504,1305.1635912788863,"Waterloo-Cedar Falls, IA",47940.0,1.6,1.6,1.5,1.6,1.6,1.6,1.6,1.5,1.4,1.4,1.5,1.6,1.6,1.7,1.7,1.7,1.8,1.9,1.9,2.0,2.1,2.2,2.2,2.2,2.3,2.4,2.6,2.5,2.4,2.4,2.5,2.4,2.4,2.5,2.5,2.4,2.3,2.3,2.2,2.2,2.3,2.4,2.6
48060,"Watertown-Fort Drum, NY",New York,0.0,0.055809087901924,186384.18368786163,97412.67239131789,1124.5994430800758,47781.86114543796,1999.905647495216,50862.02092083345,17400.000000000193,51477.74106901657,211789.0286285715,67975.9691446076,257207.39933472296,0.0,0.0,3646.34270106402,375006.14978857245,0.0,2.992667210974006,3114.878423804281,416215.3,13505.27188776274,0.050194919112417,147963.68433440695,821637.6838967475,105000.00000000016,8958.042176173925,613295.930754559,264507.7095897155,117504.48950082954,0.0,0.0,40444.24497552038,54568.249594091634,0.0,157503.4190664,1350680800000.0,1353963600000.0,1350680800000.0,1350680800000.0,1350037185828.0068,1348280612897.25,290995382010.31006,1350680800000.0,24573905932.406807,1350680800000.0,1350680800000.0,0.0,0.0,603328814456.5696,1350680800000.0,23238621124.0,116438.0,10764.0,12211.0,-1447.0,22975.0,1048.4517156264278,1362.7971235660868,1737.8526980155711,1700.7848188409962,"Watertown-Fort Drum, NY",48060.0,2.0,2.0,2.1,2.0,2.2,2.3,2.4,2.5,2.4,2.3,2.2,2.1,2.1,2.1,2.0,2.0,1.9,1.8,1.8,1.8,1.9,2.0,2.0,2.0,2.1,2.3,2.4,2.5,2.4,2.4,2.4,2.4,2.5,2.5,2.5,2.8,2.9,2.9,2.9,2.8,2.8,2.9,3.1
48140,"Wausau, WI",Wisconsin,0.0,0.0,663898.6450898641,2356.0373470626564,27982.40915053544,371988.1796234999,0.0,311603.4151523791,17400.000000000025,101917.12485709408,268389.11214172014,228557.9338276884,1989641.2280919529,0.0,0.0,2935.292597643044,152405.8874929594,0.0,0.0,7291.017482098061,14538.2,1310.871720300073,1205.263376721989,0.0,102753.07245872868,104999.99999999968,159866.4012149922,208791.5307870864,497202.20750245714,2937362.1139416164,0.0,0.0,42124.410101927904,5328.96049074534,0.0,0.0,1600509212209.432,1600950800000.0,1600510000000.0,1600509212209.432,0.0,1600509212209.432,271618547796.02,1600510000000.0,33558903375.36289,1600510000000.0,1600510000000.0,0.0,0.0,397208717759.60205,1600509212209.432,37217567578.0,137975.0,6241.0,8310.0,-2069.0,14551.0,703.6412438167621,952.6457893676956,1249.412662013636,1115.8965005770024,"Wausau, WI",48140.0,2.6,2.4,2.2,2.3,2.2,2.1,2.0,2.0,1.9,1.9,1.8,1.8,1.9,1.9,2.0,2.0,2.0,2.1,2.1,2.1,2.1,2.2,2.3,2.3,2.4,2.6,2.6,2.6,2.6,2.5,2.5,2.4,2.5,2.5,2.5,2.5,2.4,2.4,2.4,2.5,2.4,2.5,2.8
48260,"Weirton-Steubenville, WV-OH",West Virginia,0.0,0.0,182834.00936866,20166.43150808092,15841.673768373614,241895.87514935152,9420.532324693002,35138.213458509665,232706.85179678423,603034.0210481457,689958.0100467822,207761.8052751558,436306.9859725261,0.0,0.0,3740.943406558158,12516.643220760645,0.0,0.0,1800.5732315139608,68840.1,859042.3419102592,2328.869573331037,664971.7243852748,30614.527977399724,800442.8159138771,12576.268276311945,4939706.981585764,261258.15704439103,960375.0469328044,0.0,0.0,43257.6507172125,5688.522422444501,0.0,0.0,1355193200000.0,1356074800000.0,1355193200000.0,1355193200000.0,1352608767789.1702,1352397488422.852,1061020677196.9236,1355193200000.0,59252158064.76794,1355193200000.0,1355193200000.0,0.0,0.0,619023677700.9003,1355193200000.0,26712669678.0,116827.0,5133.0,4738.0,395.0,9871.0,615.1585161566082,620.4192131131981,889.6538652757038,857.2193418256496,"Weirton-Steubenville, WV-OH",48260.0,2.1,2.0,2.0,2.0,2.0,2.0,2.1,2.1,2.0,1.9,1.9,1.9,2.1,2.1,2.1,2.1,2.2,2.2,2.3,2.1,2.1,2.2,2.2,2.2,2.2,2.2,2.1,2.1,2.0,2.1,2.0,2.1,2.0,2.0,1.9,2.0,2.0,2.0,1.9,1.9,2.1,2.2,2.6
48300,"Wenatchee, WA",Washington,691128.4378552329,0.0,239860.75612238268,785288.8763173448,12319.319838875905,4713910.005794045,0.0,322.7307194755153,371129.1308172834,197122.36891023617,398870.9559105092,28166.09672789355,35108.28962304261,0.0,74371.1126186445,4484.753542495579,52364.29778198149,998.9783649361322,0.0,151.78999615511472,3241699.1,3893.469549685527,18052.58769821549,0.0,27.06908284681452,1704723.1547131566,3995.188612191193,339226.4366124114,49514.81425438307,31604.980637915927,0.0,635050.1084725714,18592171.27379307,23417.741655311067,116000000.0,0.0,85756927055.13118,1415339200000.0,1413947200000.0,1413947173821.352,0.0,1413947200000.0,638647855700.3074,1413947200000.0,41362152373.82788,1413947200000.0,1413947200000.0,0.0,1100370607457.2542,148086377327.56622,1413947173821.352,26107697291.0,121892.0,5488.0,5285.0,203.0,10773.0,959.80883513333,777.7081714885089,1288.053182131856,1180.7476445032614,"Wenatchee, WA",48300.0,2.9,3.0,2.8,2.7,2.6,2.8,2.9,2.9,2.6,2.6,2.7,2.9,3.2,3.4,3.8,3.9,3.9,3.7,3.7,3.7,3.8,3.9,3.8,3.8,3.9,4.1,4.6,5.1,5.0,4.8,4.6,4.6,4.5,4.7,4.7,5.0,5.0,5.3,5.6,5.8,6.2,6.9,8.0
48540,"Wheeling, WV-OH",West Virginia,0.0,0.0,204693.09204777292,21826.0260389408,75120.5543438239,321012.78058320406,9132.320144256028,37479.42680886175,211838.654253249,925604.0768322377,1845618.2451419209,270372.93403263146,1024398.633792667,0.0,0.0,4757.250856063571,11361.361712774542,0.0,0.0,1817.8594426950624,83212.3,955735.3198470854,2398.9556458213306,583789.9926667656,938149.1497164312,750464.7760191013,87449.58352289154,8341666.72588625,199264.58051733632,1121229.5279565144,0.0,0.0,53448.86335988816,5713.351467366665,0.0,0.0,1617852000000.0,1618350800000.0,1617852000000.0,1617852000000.0,1601430828153.4863,1617643807796.1226,1137075274193.6973,1617852000000.0,133588076029.6281,1617852000000.0,1617852000000.0,0.0,0.0,787194726202.9382,1617852000000.0,29185992920.0,139470.0,4489.0,5028.0,-539.0,9517.0,539.2587505085105,549.5807492989543,767.2040145880364,772.1126860763266,"Wheeling, WV-OH",48540.0,3.2,3.0,2.8,2.7,2.6,2.6,2.7,2.6,2.4,2.3,2.3,2.3,2.6,2.5,2.6,2.6,2.6,2.5,2.6,2.5,2.4,2.6,2.6,2.7,2.8,2.8,2.8,2.7,2.6,2.6,2.4,2.4,2.4,2.4,2.4,2.5,2.4,2.4,2.4,2.3,2.4,2.6,2.8
48620,"Wichita, KS",Kansas,0.0,0.0,82583.95842584208,352321.89929947566,510634.7852893357,5495959.883331136,852.5967200338197,4602672.295347625,55731.949788902726,1451077.526402995,1335709.3956274912,2047333.2001224305,43255257.17087667,0.0,0.0,40860.79582198765,469085.80398427846,0.0,0.0,203.2046493264116,1220793.8,26020319.732897613,732314.5138087351,109084.44009819745,1824829.902815429,13888.233056836343,344951.75555906544,2126686.541704382,5860494.8634193335,22506789.897178333,0.0,0.0,2316925.87024258,763666.6180852327,0.0,0.0,7595703089365.115,7598928000000.0,7595703200000.0,7595703089365.116,7178686978365.515,7595117855829.876,34771869852.11502,7595703200000.0,212686700751.0424,7595703200000.0,7595703200000.0,0.0,0.0,927663417197.3866,7595703089365.116,126290507789.0,654802.0,25305.0,25328.0,-23.0,50633.0,1908.765307731676,1885.0917749542064,2722.0440848744533,2642.194920894369,"Wichita, KS",48620.0,2.7,2.6,2.6,2.6,2.4,2.4,2.4,2.3,2.2,2.1,2.0,2.0,2.1,2.1,2.2,2.2,2.2,2.1,2.1,2.2,2.1,2.2,2.3,2.3,2.3,2.4,2.4,2.4,2.5,2.4,2.4,2.4,2.3,2.4,2.4,2.5,2.5,2.4,2.5,2.6,2.9,3.1,3.4
48660,"Wichita Falls, TX",Texas,0.0,0.0,610574.7501872214,93206.59106140515,198326.56061339623,2070424.35691922,1868.851090770541,175076.15983379396,6295.6864184742,56206.26377436072,2798258.391419765,314864.8608323718,4682725.870517763,0.0,0.0,59390.66336136698,231699.6116958889,0.0,0.0,6877.324159277683,380258.2,756775.4169673634,691.995302350531,137372.91743258684,8474.93934218295,2383.5622176887746,99780.63198910396,1880779.978794223,850681.0955705214,3809802.340936167,0.0,0.0,4399516.077292026,6094.5265223418255,0.0,0.0,1716173600000.0,1718284800000.0,1716173600000.0,1716173600000.0,1716173600000.0,1715761234953.4324,1259137283.69484,1716173600000.0,74306587908.2821,1716173600000.0,1716173600000.0,0.0,0.0,178909828806.45627,1716173600000.0,26419642161.0,147946.0,13292.0,9771.0,3521.0,23063.0,1223.2297412996463,1011.4573644004972,1548.3775379409249,1623.9852216076351,"Wichita Falls, TX",48660.0,2.8,2.7,2.9,2.8,2.8,2.7,2.8,2.6,2.4,2.3,2.2,2.3,2.3,2.3,2.3,2.3,2.3,2.3,2.2,2.2,2.2,2.3,2.3,2.4,2.4,2.5,2.5,2.5,2.4,2.4,2.5,2.4,2.3,2.3,2.4,2.2,2.4,2.4,2.4,2.4,2.6,2.9,3.2
48700,"Williamsport, PA",Pennsylvania,0.0,0.0,103124.27439150208,13330.71035452512,23436.38890623656,203004.6688734648,28426.9631412848,662.2464556882015,24082.66531915885,499911.6254565576,2452863.482846284,830662.0605073571,474809.2281667415,0.0,0.0,1276.7148507918882,70226.31387945951,0.0,0.0,488.3174746499872,41084.5,13000.971040684191,0.169826837768662,1330614.9277791746,2823.762706923748,163588.54017442025,5861.562822301315,2756023.383894989,121189.49580111729,625719.1908322702,0.0,0.0,14235.605561864382,33636.19800694723,0.0,0.0,1323617645003.924,1324580800000.0,1323618000000.0,1243074660253.3457,1322489477822.5613,1323618000000.0,577642969991.808,1323618000000.0,109012414456.10316,1323618000000.0,1323618000000.0,0.0,0.0,174666041143.0122,1323617645003.924,21850984581.0,114105.0,5163.0,4931.0,232.0,10094.0,799.4197895974305,630.6940621252114,1019.8681287303766,1017.9759329178662,"Williamsport, PA",48700.0,2.3,2.2,2.1,2.1,2.0,2.0,1.9,2.0,2.1,2.1,2.1,2.2,2.4,2.5,2.5,2.5,2.6,2.5,2.5,2.4,2.4,2.5,2.6,2.6,2.7,2.8,2.8,2.8,2.9,2.9,2.8,2.8,2.7,2.7,2.7,2.8,2.7,2.8,2.9,2.9,3.0,3.0,3.3
48900,"Wilmington, NC",North Carolina,0.0,153609.11428958323,0.0,194282.3605024997,223501.6269929021,2457579.024271411,11886565.7410082,105969.06353790476,249.780535573106,2659856.644454488,603049.8321788808,457122.9149628816,6589651.754261149,0.0,0.0,400504.3346180716,612175.0498535588,0.0,60069.45974604378,0.0,1186728.2,45812.94012902954,31768.04185028893,288410716.9270734,2339402.52718152,2350.201833650448,141058.46540686695,1264596.3118769047,416407.17653519096,3697593.276301128,0.0,0.0,4047542.471439882,325901.49341095646,0.0,423231236936.1775,0.0,3316498000000.0,3312252400000.0,3312251482248.4844,3312216211705.6865,3296324561841.602,49956107.11462121,3312252400000.0,271602879802.21597,3312252400000.0,3312252400000.0,0.0,0.0,563012523124.1475,3312251482248.484,62312014000.0,285539.0,22457.0,16473.0,5984.0,38930.0,2000.356968143436,1461.5943349643908,2540.676091122204,2411.891995923532,"Wilmington, NC",48900.0,3.5,3.5,3.5,3.4,3.5,3.5,3.5,3.5,3.4,3.3,3.3,3.3,3.4,3.4,3.5,3.6,3.7,3.7,3.7,3.7,3.7,3.9,4.0,4.1,4.2,4.8,5.4,5.5,5.4,5.2,4.9,4.4,4.2,4.2,4.2,4.2,4.3,4.6,4.6,4.5,4.8,5.3,6.1
49020,"Winchester, VA-WV",Virginia,0.0,0.0,170753.83134618402,35276.27560793144,680.093778995709,583458.5285661313,89039.8644755902,18717.26291731784,71615.64043763338,259715.8258836218,431978.13763816433,389369.9977984759,556016.1566404683,0.0,0.0,38085.79064281868,265680.0769570938,0.0,0.0,459.5420534446533,142079.0,516957.8246831682,0.131901101687037,3697143.4349598056,11754.74525295944,149971.57308214475,26250.097207096867,1284750.0684101218,533243.1347618919,726101.7452021517,0.0,0.0,443805.800313456,137478.2795183219,0.0,0.0,1653380994282.0562,1654531200000.0,1653382800000.0,1391825186405.2317,1652568172597.7378,1652677131298.7046,610283141767.934,1653382800000.0,35458752104.80361,1653382800000.0,1653382800000.0,0.0,0.0,84917669621.48856,1653380994282.0562,29251062228.0,142533.0,8247.0,6095.0,2152.0,14342.0,1108.217938854989,868.7318343424512,1418.6821349407344,1397.7206444780015,"Winchester, VA-WV",49020.0,3.7,3.6,3.4,3.4,3.3,3.2,3.0,3.1,3.2,3.3,3.3,3.4,3.4,3.3,3.1,3.0,3.0,2.9,2.9,2.8,2.9,3.1,3.5,4.0,4.8,5.9,6.5,6.3,5.6,5.6,5.0,4.7,4.2,4.1,3.9,3.9,3.8,3.8,3.7,3.8,3.9,4.3,4.9
49180,"Winston-Salem, NC",North Carolina,0.0,0.0,0.0,240363.5216442996,1352229.3939551238,510393.2361883465,217772.7115999848,225712.2952485255,104467.41241429532,1435090.7295405515,1037781.343382737,2360448.4794626846,4736624.113653793,0.0,0.0,40869.45013394155,311892.724785744,0.0,0.0,0.0,1854535.0,600410.9446358824,7716.359126576768,11307241.79025621,1717041.3259456942,239339.6099654372,133019.0037949323,203817.51009761367,1002836.7146604308,8867814.426631585,0.0,0.0,114450.8914514134,30415.63629164758,0.0,0.0,0.0,7841205600000.0,7838514400000.0,6890655200000.0,7837884289730.459,7837520476443.768,2879254791753.605,7838514400000.0,67390208151.412094,7838514400000.0,7838514400000.0,0.0,0.0,1262176570432.1362,7838514400000.0,132549775446.0,675734.0,30307.0,27435.0,2872.0,57742.0,2157.3388699970155,1840.332035258855,2787.857600380622,2882.7949979143505,"Winston-Salem, NC",49180.0,2.4,2.4,2.3,2.3,2.3,2.3,2.3,2.3,2.3,2.2,2.2,2.2,2.2,2.2,2.2,2.2,2.2,2.2,2.2,2.2,2.3,2.4,2.5,2.6,2.6,2.7,2.7,2.7,2.7,2.8,2.8,2.8,2.9,3.0,3.1,3.2,3.1,3.2,3.3,3.4,3.7,4.1,4.8
49340,"Worcester, MA-CT",Connecticut,0.0,0.0,250871.14429477692,293516.4433266218,19625.42273392989,113688.20975939572,1596714.9168791743,97304.0324637864,36916.51394105671,1547955.782870588,4056581.295060412,515117.8561194493,863519.1416386807,0.0,0.0,23776.968743924765,230598.85776205585,0.0,0.0,4873.83827964579,1597270.0,16567.27549600209,1.5492007211525871,50203017.88972423,2283398.6406861697,248094.39074333865,147166.282337779,856431.2678960413,261105.49748007327,4382583.535347367,0.0,0.0,255419.68538555555,28498.65503279288,0.0,0.0,11344206046152.129,11350936400000.0,11344220000000.0,11344206046152.129,11342572441544.674,11343420754807.672,5990492160252.286,11344220000000.0,176020983328.7959,11344220000000.0,11344220000000.0,0.0,0.0,465959325408.9018,11344206046152.129,163224735565.0,977950.0,36010.0,40717.0,-4707.0,76727.0,2005.82476801938,2199.7865805573047,2994.03607192699,2960.531877889512,"Worcester, MA-CT",49340.0,2.8,2.9,2.9,2.9,3.2,3.6,4.1,4.3,4.2,4.0,3.9,3.7,3.6,3.5,3.5,3.3,3.2,3.2,3.1,2.8,2.7,2.9,4.2,4.6,4.9,4.9,4.5,4.2,3.6,3.3,3.5,3.4,3.3,3.6,3.7,3.7,3.5,3.6,3.7,3.8,4.1,4.4,4.7
49420,"Yakima, WA",Washington,168354.95664983115,0.0,1635637.320292314,6451272.971409379,15375.668773269725,145692.47462615647,0.0,3307.2528711110103,86246.1835544449,109884.17441945989,1754296.6098755016,266552.2718856724,96699.46981061458,0.0,503700.8011278385,7033.563242520254,2509.6656125125974,500.2582732833075,0.0,2379.7894993996715,16612751.4,5488.609423594096,33501.915288147975,0.0,42.49366079212111,684103.7813720303,29296.5403581076,190355.6999797276,8954.086909086891,60361.40286163063,0.0,3584988.021634676,11680501.626305498,22325.969450847377,58000000.0,0.0,2974471941462.688,2978044800000.0,2974472000000.0,2974471941462.688,0.0,2974472000000.0,367998112889.1428,2974472000000.0,150111911307.35162,2974472000000.0,2974472000000.0,0.0,1378903461021.0715,288135221741.09705,2974471941462.688,47678313869.0,256420.0,7729.0,7885.0,-156.0,15614.0,998.1072086704914,1048.4297782875112,1451.0609911371748,1444.1977011475956,"Yakima, WA",49420.0,2.8,2.8,2.6,2.5,2.4,2.3,2.2,2.1,2.0,2.1,2.4,2.4,2.5,2.7,3.0,3.1,3.1,3.0,3.0,3.0,2.9,3.0,3.3,3.4,3.5,3.5,3.4,3.6,3.5,3.5,3.7,3.5,3.7,3.6,3.6,3.6,3.9,4.1,4.3,4.5,4.9,5.3,5.7
49620,"York-Hanover, PA",Pennsylvania,0.0,0.0,329112.1383710385,117840.53826938815,2175.367686718017,858942.6902936246,465284.57049653033,249069.07988732532,22791.117790963057,790748.4997857868,541409.1286196451,1370618.941592596,221716.54177550136,0.0,0.0,992.4133561481884,300724.37857149995,0.0,0.0,834.9826263791865,469199.7,560.6063560218138,0.042073987873688,15588381.73673388,46276.59769297021,170833.0403344749,589.4250861207303,604104.1607085279,321918.7581755232,1017597.909632954,0.0,0.0,68987.48077837906,203419.8987590985,0.0,0.0,5293195978105.464,5294680800000.0,5293196000000.0,5293195978105.464,5290499436055.424,5289816675253.505,1775275929495.3416,5293196000000.0,62013976526.40784,5293196000000.0,5293196000000.0,0.0,0.0,1142737054715.9106,5293195978105.464,84093681518.0,456310.0,18852.0,16248.0,2604.0,35100.0,1589.3923367123675,1311.6600169251176,2035.9415512239048,2083.977447094858,"York-Hanover, PA",49620.0,2.4,2.4,2.3,2.3,2.2,2.2,2.3,2.4,2.5,2.6,2.6,2.6,2.6,2.6,2.5,2.5,2.4,2.4,2.4,2.3,2.3,2.4,2.4,2.5,2.7,3.0,3.2,3.2,3.1,2.9,2.8,2.7,2.6,2.6,2.7,2.7,2.7,2.7,2.7,2.7,2.8,3.0,3.2
49660,"Youngstown-Warren-Boardman, OH-PA",Ohio,0.0,0.0,3241858.195010167,118831.93145464233,82436.54742624787,1020901.7221609296,26256.826063867928,247670.11529984983,68716.97678219335,3278681.954947046,661240.4673220534,714810.5520313618,6257539.918805496,0.0,0.0,9631.960650321718,96656.23814665731,0.0,0.0,18979.2176451905,497072.9,662994.6027313301,3026.7606525998945,1853440.4742520195,296357.7053604276,315765.560849121,29974.447934498254,8135296.541729097,912717.9859238293,6315470.626801576,0.0,0.0,121316.52208277576,632554.4743889605,0.0,0.0,6277490800000.0,6278418800000.0,6277490800000.0,6277490800000.0,6259826191821.635,6271588074622.988,692626666525.342,6277490800000.0,59256976952.39787,6277490800000.0,6277490800000.0,0.0,0.0,1590097449864.7166,6277490800000.0,118152578776.0,541163.0,16608.0,20660.0,-4052.0,37268.0,1334.7333066946371,1561.5056836271842,2083.9772071690227,2023.048936630056,"Youngstown-Warren-Boardman, OH-PA",49660.0,1.9,1.9,1.9,1.9,1.9,1.8,1.9,1.9,1.9,1.9,1.9,2.0,2.0,2.1,2.1,2.0,2.1,2.2,2.2,2.1,2.0,2.2,2.3,2.3,2.3,2.2,2.1,1.9,1.7,1.7,1.7,1.8,1.6,1.8,1.8,1.8,1.9,1.9,2.0,2.1,2.3,2.6,2.8
49700,"Yuba City, CA",California,61532.536375386975,0.0,0.0,7949409.887964367,13702.433003415415,1572410.0947041917,0.0,0.0,27236.546419349783,122080.5567767075,468724.8670115715,6532.75014409307,64183.98177854776,0.0,0.0,19531.96326199668,1258.060427107216,79.13967830167745,0.0,0.0,20234970.7,517.0207621666761,289.46426951131605,0.0,0.0,8999.999999999984,1330.4252443410292,809920.8919136103,6220.512628123835,179349.57438139658,0.0,0.0,3294189.1360057564,46.801101316319226,58000000.0,0.0,0.0,2102012800000.0,2101142800000.0,2101142800000.0,0.0,0.0,69168696606.95883,2101142800000.0,113055381034.29802,2101142800000.0,2101142800000.0,0.0,0.0,97485392652.68529,2101142800000.0,29905951001.0,181133.0,9397.0,8819.0,578.0,18216.0,1108.5359714506335,1082.2957082054793,1533.9872880829228,1564.7348018114762,"Yuba City, CA",49700.0,3.4,3.4,3.1,2.9,2.8,2.7,2.6,2.6,2.8,3.1,3.2,3.3,3.4,3.4,3.3,3.3,3.1,3.0,3.0,2.9,3.0,3.4,4.0,4.8,5.9,7.3,7.5,6.6,5.1,4.7,4.4,4.1,3.9,4.1,4.3,4.5,4.7,5.1,5.3,5.5,5.7,6.5,7.0
49740,"Yuma, AZ",Arizona,0.0,0.0,0.0,10441143.351787742,233.28808243532924,606141.4501626572,37.14089981562502,0.0,17399.999999999167,10129.58123688411,489565.6812237026,23239.89321161544,36466.09847192651,0.0,0.0,6.488193152544956,0.0,0.0,0.0,0.0,19672461.5,169.6691871671731,0.058448804193152,9386.707792266065,0.0,4500.000000000016,821.7256245487731,16649.41426906983,69995.99136118338,44139.96853284964,0.0,0.0,31968.97863350944,0.0,0.0,0.0,0.0,2365019600000.0,2358268400000.0,2358266097323.208,2356100346352.8784,0.0,85041424799.98634,2358268400000.0,54618132438.74354,2358268400000.0,2358268400000.0,0.0,0.0,212498975819.0572,0.0,29537072523.0,203299.0,12203.0,10014.0,2189.0,22217.0,1338.216350221443,1159.471862530523,1799.5916203405704,1741.030154822139,"Yuma, AZ",49740.0,2.7,2.8,2.7,2.8,2.8,2.8,2.9,2.8,2.7,2.7,2.7,2.7,2.7,2.7,2.6,2.6,2.6,2.5,2.6,2.6,2.6,2.6,2.6,2.6,2.7,3.4,3.7,3.6,3.2,2.9,2.8,2.7,2.8,3.0,3.1,3.2,3.2,3.2,3.3,3.3,3.2,3.6,4.2
